% time-domain voltage integration by openEMS v0.0.35-108-gc651cce @Thu Mar 20 11:48:47 2025
% start-coordinates: (-4.47425e-05,-2.452e-05,0.00015727) m -> [94,62,53]
% stop-coordinates: (-4.47425e-05,-2.452e-05,0.00016498) m -> [94,62,63]
% t/s	voltage
0	-0
3.568439729e-13	-8.08613086212e-10
7.13687945801e-13	-1.1105335887e-09
1.0705319187e-12	-6.78767191759e-10
1.4273758916e-12	2.02314367342e-09
1.7842198645e-12	9.71439897968e-09
2.1410638374e-12	2.60325714319e-08
2.4979078103e-12	5.38122211236e-08
2.8547517832e-12	9.1410673031e-08
3.2115957561e-12	1.26959307511e-07
3.568439729e-12	1.32645449291e-07
3.9252837019e-12	6.34445183056e-08
4.2821276748e-12	-1.33973330652e-07
4.6389716477e-12	-4.98463425203e-07
4.9958156206e-12	-1.02053864381e-06
5.35265959351e-12	-1.61017920064e-06
5.70950356641e-12	-2.08720772576e-06
6.06634753931e-12	-2.21363185204e-06
6.42319151221e-12	-1.77175576255e-06
6.78003548511e-12	-6.67289109302e-07
7.13687945801e-12	9.88206274144e-07
7.49372343091e-12	2.86371078317e-06
7.85056740381e-12	4.48903021777e-06
8.20741137671e-12	5.40962976459e-06
8.56425534961e-12	5.35423365022e-06
8.92109932251e-12	4.34002366489e-06
9.27794329541e-12	2.6657122163e-06
9.63478726831e-12	7.95845231494e-07
9.99163124121e-12	-8.0901560473e-07
1.03484752141e-11	-1.84083201304e-06
1.0705319187e-11	-2.21351138663e-06
1.10621631599e-11	-2.03956803091e-06
1.14190071328e-11	-1.54281072184e-06
1.17758511057e-11	-9.56919603112e-07
1.21326950786e-11	-4.51993718897e-07
1.24895390515e-11	-1.07802790694e-07
1.28463830244e-11	7.30533149529e-08
1.32032269973e-11	1.32138951336e-07
1.35600709702e-11	1.22211660791e-07
1.39169149431e-11	8.62616544861e-08
1.4273758916e-11	4.99829811984e-08
1.46306028889e-11	2.38061418356e-08
1.49874468618e-11	8.69698379979e-09
1.53442908347e-11	1.70090054541e-09
1.57011348076e-11	-6.7952493632e-10
1.60579787805e-11	-9.89131446888e-10
1.64148227534e-11	-6.60803231578e-10
1.67716667263e-11	-5.05974319734e-10
1.71285106992e-11	-5.15522033048e-10
1.74853546721e-11	-5.4999278222e-10
1.7842198645e-11	-5.77194533488e-10
1.81990426179e-11	-5.86609344433e-10
1.85558865908e-11	-5.59249513019e-10
1.89127305637e-11	-5.29386486037e-10
1.92695745366e-11	-5.22983498522e-10
1.96264185095e-11	-5.43229947136e-10
1.99832624824e-11	-5.72078818345e-10
2.03401064553e-11	-5.92232792321e-10
2.06969504282e-11	-5.91078337317e-10
2.10537944011e-11	-5.65262564187e-10
2.1410638374e-11	-5.49885251916e-10
2.17674823469e-11	-5.45023555801e-10
2.21243263198e-11	-5.70380277731e-10
2.24811702927e-11	-6.00122063155e-10
2.28380142656e-11	-6.07789233872e-10
