% time-domain current integration by openEMS v0.0.35-108-gc651cce @Fri Mar 14 15:31:35 2025
% start-coordinates: (-5.63165e-05,-3.602e-05,0.00016438) m -> [40,18,46]
% stop-coordinates: (-5.302e-05,-3.602e-05,0.00016798) m -> [49,18,57]
% t/s	current
2.80542358355e-16	-0
3.57130422187e-13	-1.20277670202e-12
7.13980302015e-13	7.03507239443e-13
1.07083018184e-12	8.19891116804e-12
1.42768006167e-12	2.58026326e-11
1.7845299415e-12	5.77791564593e-11
2.14137982133e-12	1.01791151896e-10
2.49822970116e-12	1.44682640868e-10
2.85507958098e-12	1.48757506313e-10
3.21192946081e-12	5.409044046e-11
3.56877934064e-12	-2.09574885224e-10
3.92562922047e-12	-6.84518053351e-10
4.2824791003e-12	-1.33181443651e-09
4.63932898012e-12	-1.98032190646e-09
4.99617885995e-12	-2.32569186132e-09
5.35302873978e-12	-2.00569649778e-09
5.70987861961e-12	-7.58361817788e-10
6.06672849944e-12	1.38868272437e-09
6.42357837927e-12	4.0023531156e-09
6.78042825909e-12	6.29540908292e-09
7.13727813892e-12	7.3793429145e-09
7.49412801875e-12	6.63771926313e-09
7.85097789858e-12	4.0446459515e-09
8.20782777841e-12	2.54257170873e-10
8.56467765823e-12	-3.61266994098e-09
8.92152753806e-12	-6.40556052645e-09
9.27837741789e-12	-7.39364969249e-09
9.63522729772e-12	-6.51515641437e-09
9.99207717755e-12	-4.32760938196e-09
1.03489270574e-11	-1.70597824756e-09
1.07057769372e-11	5.32289989863e-10
1.1062626817e-11	1.902323854e-09
1.14194766969e-11	2.32901542496e-09
1.17763265767e-11	2.04786010372e-09
1.21331764565e-11	1.41824696431e-09
1.24900263363e-11	7.58823170965e-10
1.28468762162e-11	2.57614402033e-10
1.3203726096e-11	-3.14702326698e-11
1.35605759758e-11	-1.43711667566e-10
1.39174258557e-11	-1.48286563584e-10
1.42742757355e-11	-1.08123697495e-10
1.46311256153e-11	-6.26511065249e-11
1.49879754951e-11	-2.91688270759e-11
1.5344825375e-11	-1.00101905931e-11
