% time-domain voltage integration by openEMS v0.0.35-108-gc651cce @Fri Mar 14 15:31:35 2025
% start-coordinates: (-6.4535e-05,-2.452e-05,0.00016648) m -> [18,44,52]
% stop-coordinates: (-6.4035e-05,-2.452e-05,0.00016648) m -> [19,44,52]
% t/s	voltage
0	-0
3.56849879828e-13	-2.24883913574e-13
7.13699759656e-13	1.47636365481e-13
1.07054963948e-12	-1.2556261586e-11
1.42739951931e-12	-4.07830401394e-11
1.78424939914e-12	-9.68334717966e-11
2.14109927897e-12	-1.79050843596e-10
2.4979491588e-12	-2.60172439148e-10
2.85479903863e-12	-2.85066747985e-10
3.21164891845e-12	-1.43141026809e-10
3.56849879828e-12	2.99259866887e-10
3.92534867811e-12	1.13027498472e-09
4.28219855794e-12	2.31089836156e-09
4.63904843777e-12	3.54792795143e-09
4.99589831759e-12	4.30871871515e-09
5.35274819742e-12	3.9150509501e-09
5.70959807725e-12	1.83044035484e-09
6.06644795708e-12	-1.98346317148e-09
6.42329783691e-12	-6.81900891308e-09
6.78014771674e-12	-1.12712772449e-08
7.13699759656e-12	-1.36697906328e-08
7.49384747639e-12	-1.27534693917e-08
7.85069735622e-12	-8.31464941342e-09
8.20754723605e-12	-1.42205847098e-09
8.56439711588e-12	5.89882942492e-09
8.9212469957e-12	1.14587228595e-08
9.27809687553e-12	1.37528530786e-08
9.63494675536e-12	1.25037411536e-08
9.99179663519e-12	8.63867111178e-09
1.0348646515e-11	3.75449138446e-09
1.07054963948e-11	-5.70931857347e-10
1.10623462747e-11	-3.34164584892e-09
1.14191961545e-11	-4.33318758652e-09
1.17760460343e-11	-3.92830834528e-09
1.21328959142e-11	-2.79312750706e-09
1.2489745794e-11	-1.54512025397e-09
1.28465956738e-11	-5.67135505225e-10
1.32034455536e-11	1.65750156655e-11
1.35602954335e-11	2.5831270456e-10
1.39171453133e-11	2.83552875624e-10
1.42739951931e-11	2.12654324705e-10
1.4630845073e-11	1.2574523367e-10
1.49876949528e-11	5.94629068207e-11
1.53445448326e-11	2.10363219899e-11
