% time-domain current integration by openEMS v0.0.35-108-gc651cce @Wed May 21 16:12:00 2025
% start-coordinates: (-6.4735e-05,-2.62176e-05,0.00016018) m -> [24,56,58]
% stop-coordinates: (-6.4035e-05,-2.302e-05,0.00016018) m -> [27,67,58]
% t/s	current
1.58035417582e-16	0
3.57002008318e-13	1.62612388832e-11
7.13845981218e-13	2.23107730207e-11
1.07068995412e-12	1.29840842938e-11
1.42753392702e-12	-4.23036848607e-11
1.78437789992e-12	-1.98655022987e-10
2.14122187282e-12	-5.29069732469e-10
2.49806584572e-12	-1.08933218002e-09
2.85490981862e-12	-1.84384685298e-09
3.21175379152e-12	-2.549865874e-09
3.56859776442e-12	-2.64438004827e-09
3.92544173732e-12	-1.22081789122e-09
4.28228571022e-12	2.78700507117e-09
4.63912968312e-12	1.01448680567e-08
4.99597365602e-12	2.06374046741e-08
5.35281762892e-12	3.24282929398e-08
5.70966160182e-12	4.1881630608e-08
6.06650557472e-12	4.42267555911e-08
6.42334954762e-12	3.51371056695e-08
6.78019352052e-12	1.27936035099e-08
7.13703749342e-12	-2.04835082229e-08
7.49388146632e-12	-5.7996331293e-08
7.85072543922e-12	-9.0312340717e-08
8.20756941213e-12	-1.083801493e-07
8.56441338503e-12	-1.06872107608e-07
8.92125735793e-12	-8.6251603193e-08
9.27810133083e-12	-5.25875947233e-08
9.63494530373e-12	-1.52053605262e-08
9.99178927663e-12	1.67167453213e-08
1.03486332495e-11	3.70973509689e-08
1.07054772224e-11	4.43024994468e-08
1.10623211953e-11	4.06470768155e-08
1.14191651682e-11	3.06310141696e-08
1.17760091411e-11	1.89154292229e-08
1.2132853114e-11	8.86925466403e-09
1.24896970869e-11	2.05297556732e-09
1.28465410598e-11	-1.50620405037e-09
1.32033850327e-11	-2.65002841893e-09
1.35602290056e-11	-2.43335351868e-09
1.39170729785e-11	-1.71011238503e-09
1.42739169514e-11	-9.87068315972e-10
1.46307609243e-11	-4.68086625016e-10
1.49876048972e-11	-1.69791555815e-10
1.53444488701e-11	-3.23261209467e-11
1.5701292843e-11	1.40116659594e-11
1.60581368159e-11	1.97037421101e-11
1.64149807888e-11	1.30647159757e-11
1.67718247617e-11	1.01204591582e-11
1.71286687346e-11	1.03441040455e-11
1.74855127075e-11	1.10038592821e-11
1.78423566804e-11	1.15381168161e-11
1.81992006533e-11	1.1687362883e-11
1.85560446262e-11	1.11457856833e-11
1.89128885991e-11	1.05931834485e-11
1.9269732572e-11	1.04159840475e-11
1.96265765449e-11	1.08688743769e-11
1.99834205178e-11	1.14181598204e-11
2.03402644907e-11	1.18262908147e-11
2.06971084636e-11	1.17807369762e-11
2.10539524365e-11	1.13081384534e-11
2.14107964094e-11	1.0944241173e-11
2.17676403823e-11	1.08701988383e-11
2.21244843552e-11	1.1383182591e-11
2.24813283281e-11	1.20041129814e-11
2.2838172301e-11	1.21261611863e-11
