% time-domain voltage integration by openEMS v0.0.35-108-gc651cce @Wed May 21 16:12:00 2025
% start-coordinates: (-5.452e-05,-3.57575e-05,0.00015727) m -> [60,26,53]
% stop-coordinates: (-5.452e-05,-3.57575e-05,0.00016498) m -> [60,26,63]
% t/s	voltage
0	-0
3.568439729e-13	-1.32847541301e-09
7.13687945801e-13	-1.11710525205e-09
1.0705319187e-12	1.13567250395e-09
1.4273758916e-12	8.27825705207e-09
1.7842198645e-12	2.43489723384e-08
2.1410638374e-12	5.31295920592e-08
2.4979078103e-12	9.42773503709e-08
2.8547517832e-12	1.36955857766e-07
3.2115957561e-12	1.53042619022e-07
3.568439729e-12	9.40696547325e-08
3.9252837019e-12	-1.00621171839e-07
4.2821276748e-12	-4.80095167177e-07
4.6389716477e-12	-1.04329557615e-06
4.9958156206e-12	-1.70013698408e-06
5.35265959351e-12	-2.25523879038e-06
5.70950356641e-12	-2.43945597589e-06
6.06634753931e-12	-1.99663507061e-06
6.42319151221e-12	-8.04131886412e-07
6.78003548511e-12	1.02547465985e-06
7.13687945801e-12	3.12071133379e-06
7.49372343091e-12	4.94004001439e-06
7.85056740381e-12	5.95346200782e-06
8.20741137671e-12	5.84423457894e-06
8.56425534961e-12	4.63744572698e-06
8.92109932251e-12	2.69286483956e-06
9.27794329541e-12	5.63934179354e-07
9.63478726831e-12	-1.20976837437e-06
9.99163124121e-12	-2.28173643535e-06
1.03484752141e-11	-2.57766922118e-06
1.0705319187e-11	-2.25892060257e-06
1.10621631599e-11	-1.60898799351e-06
1.14190071328e-11	-9.07313076226e-07
1.17758511057e-11	-3.43342911435e-07
1.21326950786e-11	8.48237835527e-09
1.24895390515e-11	1.64966384553e-07
1.28463830244e-11	1.888020007e-07
1.32032269973e-11	1.47795482963e-07
1.35600709702e-11	9.13744744313e-08
1.39169149431e-11	4.52364047332e-08
1.4273758916e-11	1.65382773032e-08
1.46306028889e-11	2.59070453978e-09
1.49874468618e-11	-2.20435214526e-09
1.53442908347e-11	-2.68787145319e-09
1.57011348076e-11	-1.85603372949e-09
1.60579787805e-11	-1.02145405328e-09
1.64148227534e-11	-6.33938236974e-10
1.67716667263e-11	-8.3960800118e-10
1.71285106992e-11	-8.59697833755e-10
1.74853546721e-11	-8.10991655775e-10
1.7842198645e-11	-7.43087324312e-10
1.81990426179e-11	-7.0589897469e-10
1.85558865908e-11	-7.31796772485e-10
1.89127305637e-11	-7.75746472267e-10
1.92695745366e-11	-8.19686847911e-10
1.96264185095e-11	-8.07390466984e-10
1.99832624824e-11	-7.57990866254e-10
2.03401064553e-11	-6.85669299116e-10
2.06969504282e-11	-6.71149915157e-10
2.10537944011e-11	-6.96919475254e-10
2.1410638374e-11	-7.63124174963e-10
2.17674823469e-11	-7.86141466161e-10
2.21243263198e-11	-7.76346636283e-10
2.24811702927e-11	-7.08340261446e-10
2.28380142656e-11	-6.58607411663e-10
