% time-domain current integration by openEMS v0.0.35-108-gc651cce @Fri Mar 14 15:31:35 2025
% start-coordinates: (-4.5005e-05,-2.63165e-05,0.00016438) m -> [71,40,46]
% stop-coordinates: (-4.5005e-05,-2.302e-05,0.00016798) m -> [71,47,57]
% t/s	current
2.80542358355e-16	0
3.57130422187e-13	5.21509037669e-14
7.13980302015e-13	1.52692291591e-14
1.07083018184e-12	-2.30075425942e-13
1.42768006167e-12	-9.52809012245e-13
1.7845299415e-12	-2.08944255127e-12
2.14137982133e-12	-3.60283981468e-12
2.49822970116e-12	-5.26466197026e-12
2.85507958098e-12	-5.69493757707e-12
3.21192946081e-12	-2.60915161004e-12
3.56877934064e-12	6.75493081609e-12
3.92562922047e-12	2.37587779311e-11
4.2824791003e-12	4.75816087919e-11
4.63932898012e-12	7.21403770054e-11
4.99617885995e-12	8.65098617742e-11
5.35302873978e-12	7.69578151205e-11
5.70987861961e-12	3.33042204925e-11
6.06672849944e-12	-4.46440592827e-11
6.42357837927e-12	-1.41773384699e-10
6.78042825909e-12	-2.29520014106e-10
7.13727813892e-12	-2.74373329612e-10
7.49412801875e-12	-2.52043247384e-10
7.85097789858e-12	-1.59633736785e-10
8.20782777841e-12	-2.00878428475e-11
8.56467765823e-12	1.25552360175e-10
8.92152753806e-12	2.33767977198e-10
9.27837741789e-12	2.75622635826e-10
9.63522729772e-12	2.46975523366e-10
9.99207717755e-12	1.67591829303e-10
1.03489270574e-11	6.97524191184e-11
1.07057769372e-11	-1.5400628689e-11
1.1062626817e-11	-6.88645182545e-11
1.14194766969e-11	-8.68698515899e-11
1.17763265767e-11	-7.75553371524e-11
1.21331764565e-11	-5.44517347878e-11
1.24900263363e-11	-2.96037187819e-11
1.28468762162e-11	-1.05083216434e-11
1.3203726096e-11	7.6649759673e-13
1.35605759758e-11	5.30331768084e-12
1.39174258557e-11	5.60632703456e-12
1.42742757355e-11	4.11953891138e-12
1.46311256153e-11	2.45297488918e-12
1.49879754951e-11	1.14826811254e-12
1.5344825375e-11	4.03703844442e-13
