% time-domain voltage integration by openEMS v0.0.35-108-gc651cce @Wed Mar 12 09:21:07 2025
% start-coordinates: (-3.993e-05,-4.26269e-05,0.000155995) m -> [97,72,41]
% stop-coordinates: (-3.6065e-05,-4.26269e-05,0.000155995) m -> [107,72,41]
% t/s	voltage
0	-0
3.56780456686e-13	8.74598183589e-11
7.13560913371e-13	-8.51178077674e-11
1.07034137006e-12	8.71622732324e-10
1.42712182674e-12	2.40805013429e-09
1.78390228343e-12	5.65981606027e-09
2.14068274011e-12	1.03953761155e-08
2.4974631968e-12	1.55511615807e-08
2.85424365349e-12	1.73564396189e-08
3.21102411017e-12	9.63127988474e-09
3.56780456686e-12	-1.56116395367e-08
3.92458502354e-12	-6.41284487735e-08
4.28136548023e-12	-1.3393244469e-07
4.63814593691e-12	-2.09122989148e-07
4.9949263936e-12	-2.58171278134e-07
5.35170685028e-12	-2.40705881893e-07
5.70848730697e-12	-1.23582257316e-07
6.06526776366e-12	9.79324217276e-08
6.42204822034e-12	3.84447348623e-07
6.77882867703e-12	6.54277933165e-07
7.13560913371e-12	8.07852444495e-07
7.4923895904e-12	7.67936175095e-07
7.84917004708e-12	5.18081176182e-07
8.20595050377e-12	1.18149988904e-07
8.56273096046e-12	-3.13920317296e-07
8.91951141714e-12	-6.47850228574e-07
9.27629187383e-12	-7.92676608796e-07
9.63307233051e-12	-7.29366721686e-07
9.9898527872e-12	-5.10267767595e-07
1.03466332439e-11	-2.28792021773e-07
1.07034137006e-11	2.23457432835e-08
1.10601941573e-11	1.84157618044e-07
1.14169746139e-11	2.42975870535e-07
1.17737550706e-11	2.21138185097e-07
1.21305355273e-11	1.5715650914e-07
1.2487315984e-11	8.65254374816e-08
1.28440964407e-11	3.12195889141e-08
1.32008768974e-11	-1.56839225808e-09
1.35576573541e-11	-1.4882464594e-08
1.39144378107e-11	-1.59395235899e-08
1.42712182674e-11	-1.16512800519e-08
1.46279987241e-11	-6.57938398207e-09
1.49847791808e-11	-2.87208375138e-09
1.53415596375e-11	-9.02698634592e-10
1.56983400942e-11	-1.93440508403e-10
1.60551205509e-11	-1.00659843091e-10
1.64119010075e-11	-1.38661207516e-10
1.67686814642e-11	-2.30206029586e-10
1.71254619209e-11	-1.11638709561e-10
1.74822423776e-11	-1.94203350233e-11
1.78390228343e-11	-5.57765795356e-11
1.8195803291e-11	-1.51771960451e-10
1.85525837477e-11	-2.20151579258e-10
1.89093642043e-11	-2.38358019086e-10
1.9266144661e-11	-1.8579013935e-10
1.96229251177e-11	-1.11102777152e-10
1.99797055744e-11	-6.04532591521e-11
2.03364860311e-11	-6.78408496914e-11
2.06932664878e-11	-1.11631342191e-10
2.10500469445e-11	-1.43437704422e-10
2.14068274011e-11	-1.46526290233e-10
2.17636078578e-11	-1.0768364412e-10
2.21203883145e-11	-7.3913105237e-11
2.24771687712e-11	-5.81033073217e-11
2.28339492279e-11	-7.15238324296e-11
2.31907296846e-11	-8.47337083311e-11
2.35475101413e-11	-9.43238143841e-11
2.39042905979e-11	-9.64769574993e-11
2.42610710546e-11	-7.77963687394e-11
2.46178515113e-11	-5.78812982786e-11
