% time-domain voltage integration by openEMS v0.0.35-108-gc651cce @Wed Mar 12 09:21:07 2025
% start-coordinates: (-7.246e-05,-4.26269e-05,0.00015727) m -> [26,72,46]
% stop-coordinates: (-7.246e-05,-4.26269e-05,0.00016498) m -> [26,72,74]
% t/s	voltage
0	-0
3.56780456686e-13	-2.10754348695e-09
7.13560913371e-13	-5.47368654569e-09
1.07034137006e-12	-5.86161444383e-09
1.42712182674e-12	1.27007337286e-09
1.78390228343e-12	2.75393003402e-08
2.14068274011e-12	9.08163118041e-08
2.4974631968e-12	2.10898607467e-07
2.85424365349e-12	3.94789232416e-07
3.21102411017e-12	6.10324175199e-07
3.56780456686e-12	7.52324206488e-07
3.92458502354e-12	6.19245776434e-07
4.28136548023e-12	-7.09431007273e-08
4.63814593691e-12	-1.59578689818e-06
4.9949263936e-12	-4.06777060391e-06
5.35170685028e-12	-7.23937191083e-06
5.70848730697e-12	-1.03686384705e-05
6.06526776366e-12	-1.22654348331e-05
6.42204822034e-12	-1.1595585562e-05
6.77882867703e-12	-7.40260010446e-06
7.13560913371e-12	3.39471466937e-07
7.4923895904e-12	1.04177710796e-05
7.84917004708e-12	2.05447911981e-05
8.20595050377e-12	2.80263420791e-05
8.56273096046e-12	3.07058960516e-05
8.91951141714e-12	2.77830721984e-05
9.27629187383e-12	2.01279503358e-05
9.63307233051e-12	9.94105752739e-06
9.9898527872e-12	-7.93476578331e-08
1.03466332439e-11	-7.6790206549e-06
1.07034137006e-11	-1.16987820888e-05
1.10601941573e-11	-1.22167833752e-05
1.14169746139e-11	-1.02230825405e-05
1.17737550706e-11	-7.06031438824e-06
1.21305355273e-11	-3.90610055945e-06
1.2487315984e-11	-1.47950616736e-06
1.28440964407e-11	-5.52418593161e-09
1.32008768974e-11	6.43570073677e-07
1.35576573541e-11	7.51234031426e-07
1.39144378107e-11	5.98224691117e-07
1.42712182674e-11	3.81314437803e-07
1.46279987241e-11	2.00550324791e-07
1.49847791808e-11	8.45365184521e-08
1.53415596375e-11	2.45309043079e-08
1.56983400942e-11	4.39572810443e-10
1.60551205509e-11	-5.4776720243e-09
1.64119010075e-11	-4.49878891084e-09
1.67686814642e-11	-2.5171057183e-09
1.71254619209e-11	-2.2948547021e-09
1.74822423776e-11	-2.44449660514e-09
1.78390228343e-11	-2.63038428538e-09
1.8195803291e-11	-2.7074708378e-09
1.85525837477e-11	-2.66825807282e-09
1.89093642043e-11	-2.57319329733e-09
1.9266144661e-11	-2.5206294621e-09
1.96229251177e-11	-2.54545631795e-09
1.99797055744e-11	-2.6365049588e-09
2.03364860311e-11	-2.73448288318e-09
2.06932664878e-11	-2.78721048325e-09
2.10500469445e-11	-2.78978875418e-09
2.14068274011e-11	-2.75800481758e-09
2.17636078578e-11	-2.74553423052e-09
2.21203883145e-11	-2.77622103778e-09
2.24771687712e-11	-2.83825040553e-09
2.28339492279e-11	-2.89657950403e-09
2.31907296846e-11	-2.92972297811e-09
2.35475101413e-11	-2.93223589853e-09
2.39042905979e-11	-2.92255690482e-09
2.42610710546e-11	-2.92398806556e-09
2.46178515113e-11	-2.94506767584e-09
