% time-domain current integration by openEMS v0.0.35-108-gc651cce @Wed Mar 12 09:21:07 2025
% start-coordinates: (-4.6935e-05,-5.22e-05,0.00015527) m -> [81,46,39]
% stop-coordinates: (-4.6935e-05,-3.33525e-05,0.00015624) m -> [81,96,42]
% t/s	current
2.44035880086e-16	-0
3.57024492566e-13	-1.17387849441e-10
7.13804949251e-13	-1.09250219982e-10
1.07058540594e-12	5.44649360334e-11
1.42736586262e-12	6.47954190303e-10
1.78414631931e-12	2.03271377508e-09
2.14092677599e-12	4.60666083058e-09
2.49770723268e-12	8.44516101495e-09
2.85448768937e-12	1.27526815774e-08
3.21126814605e-12	1.51799586234e-08
3.56804860274e-12	1.14231237802e-08
3.92482905942e-12	-4.290677591e-09
4.28160951611e-12	-3.72714836772e-08
4.63838997279e-12	-8.89629347967e-08
4.99517042948e-12	-1.53081316512e-07
5.35195088616e-12	-2.13341124322e-07
5.70873134285e-12	-2.45139347044e-07
6.06551179954e-12	-2.22440320385e-07
6.42229225622e-12	-1.28563030444e-07
6.77907271291e-12	3.32848024698e-08
7.13585316959e-12	2.35269965287e-07
7.49263362628e-12	4.29989484019e-07
7.84941408296e-12	5.65027278299e-07
8.20619453965e-12	6.01655017363e-07
8.56297499634e-12	5.29537828697e-07
8.91975545302e-12	3.70602293742e-07
9.27653590971e-12	1.70307657754e-07
9.63331636639e-12	-1.94739477877e-08
9.99009682308e-12	-1.5810395837e-07
1.03468772798e-11	-2.27093337912e-07
1.07036577364e-11	-2.31045888199e-07
1.10604381931e-11	-1.90324499272e-07
1.14172186498e-11	-1.30277115318e-07
1.17739991065e-11	-7.20578157143e-08
1.21307795632e-11	-2.79437735173e-08
1.24875600199e-11	-1.29661681392e-09
1.28443404766e-11	1.05700062036e-08
1.32011209332e-11	1.28300436941e-08
1.35579013899e-11	1.04399875411e-08
1.39146818466e-11	6.82718459544e-09
1.42714623033e-11	3.7395455621e-09
1.462824276e-11	1.70265568311e-09
1.49850232167e-11	6.00584026955e-10
1.53418036734e-11	1.14906494042e-10
1.569858413e-11	-4.40836950277e-11
1.60553645867e-11	-6.43835956771e-11
1.64121450434e-11	-4.8211983017e-11
1.67689255001e-11	-5.96513602402e-11
1.71257059568e-11	-5.43202496872e-11
1.74824864135e-11	-5.23754373205e-11
1.78392668702e-11	-5.35363697818e-11
1.81960473268e-11	-5.60243032521e-11
1.85528277835e-11	-5.81276624056e-11
1.89096082402e-11	-5.89345308666e-11
1.92663886969e-11	-5.83717518765e-11
1.96231691536e-11	-5.74647482376e-11
1.99799496103e-11	-5.71298668095e-11
2.0336730067e-11	-5.76446737566e-11
2.06935105236e-11	-5.90089435648e-11
2.10502909803e-11	-6.01680649748e-11
2.1407071437e-11	-6.06023356498e-11
2.17638518937e-11	-6.05975825074e-11
2.21206323504e-11	-6.03637001495e-11
2.24774128071e-11	-6.04849156871e-11
2.28341932638e-11	-6.09509942517e-11
2.31909737204e-11	-6.18533557706e-11
2.35477541771e-11	-6.25427903911e-11
2.39045346338e-11	-6.28684118653e-11
2.42613150905e-11	-6.30463112272e-11
2.46180955472e-11	-6.29997720658e-11
