% time-domain voltage integration by openEMS v0.0.35-108-gc651cce @Thu Mar  6 15:40:31 2025
% start-coordinates: (-7.0025e-06,-8.4775e-06,0.00015521) m -> [87,65,40]
% stop-coordinates: (-7.0025e-06,-8.4775e-06,0.00015575) m -> [87,65,42]
% t/s	voltage
0	-0
3.56919561855e-13	-1.21443628487e-08
7.13839123709e-13	-1.93964506678e-08
1.07075868556e-12	-1.06601207861e-08
1.42767824742e-12	3.92077748046e-08
1.78459780927e-12	1.7895249016e-07
2.14151737113e-12	4.72036646215e-07
2.49843693298e-12	9.68452184225e-07
2.85535649484e-12	1.63760853411e-06
3.21227605669e-12	2.26776614909e-06
3.56919561855e-12	2.36532787312e-06
3.9261151804e-12	1.13100151111e-06
4.28303474226e-12	-2.3867054324e-06
4.63995430411e-12	-8.89314060259e-06
4.99687386597e-12	-1.82500789379e-05
5.35379342782e-12	-2.88991850539e-05
5.71071298967e-12	-3.76679745386e-05
6.06763255153e-12	-4.0305985749e-05
6.42455211338e-12	-3.28418427671e-05
6.78147167524e-12	-1.340782228e-05
7.13839123709e-12	1.62390379046e-05
7.49531079895e-12	5.03701066918e-05
7.8522303608e-12	8.05986564956e-05
8.20914992266e-12	9.85739061434e-05
8.56606948451e-12	9.90144435491e-05
8.92298904637e-12	8.17414693302e-05
9.27990860822e-12	5.17608114023e-05
9.63682817008e-12	1.73508014996e-05
9.99374773193e-12	-1.2953438727e-05
1.03506672938e-11	-3.3141066524e-05
1.07075868556e-11	-4.11766905017e-05
1.10645064175e-11	-3.87681375287e-05
1.14214259793e-11	-2.98859258692e-05
1.17783455412e-11	-1.89020629477e-05
1.21352651031e-11	-9.15355849429e-06
1.24921846649e-11	-2.33157879848e-06
1.28491042268e-11	1.36323984634e-06
1.32060237886e-11	2.64159371e-06
1.35629433505e-11	2.50014534231e-06
1.39198629123e-11	1.7907889287e-06
1.42767824742e-11	1.0460842077e-06
1.4633702036e-11	4.96467549738e-07
1.49906215979e-11	1.74781895623e-07
1.53475411598e-11	2.49941516373e-08
1.57044607216e-11	-2.48860745344e-08
1.60613802835e-11	-2.97077278333e-08
1.64182998453e-11	-2.09569206433e-08
1.67752194072e-11	-1.53889878618e-08
1.7132138969e-11	-1.37562556901e-08
1.74890585309e-11	-1.37398163957e-08
1.78459780927e-11	-1.38479427925e-08
1.82028976546e-11	-1.37426363622e-08
1.85598172164e-11	-1.3424479306e-08
1.89167367783e-11	-1.30994752823e-08
1.92736563402e-11	-1.29264496884e-08
1.9630575902e-11	-1.29340600452e-08
1.99874954639e-11	-1.30140018761e-08
2.03444150257e-11	-1.30562276546e-08
2.07013345876e-11	-1.29828174877e-08
2.10582541494e-11	-1.28190000837e-08
2.14151737113e-11	-1.26501795705e-08
2.17720932731e-11	-1.25537420459e-08
2.2129012835e-11	-1.25298718068e-08
2.24859323968e-11	-1.2540635197e-08
2.28428519587e-11	-1.25210606328e-08
2.31997715206e-11	-1.24479124786e-08
2.35566910824e-11	-1.23359020776e-08
2.39136106443e-11	-1.22315859663e-08
2.42705302061e-11	-1.21633001449e-08
2.4627449768e-11	-1.21364744921e-08
2.49843693298e-11	-1.21266561237e-08
2.53412888917e-11	-1.2101483815e-08
2.56982084535e-11	-1.20593690589e-08
