% time-domain current integration by openEMS v0.0.35-108-gc651cce @Wed Mar 12 09:21:07 2025
% start-coordinates: (-3.82975e-05,-5.22e-05,0.00015527) m -> [101,46,39]
% stop-coordinates: (-3.82975e-05,-3.33525e-05,0.00015624) m -> [101,96,42]
% t/s	current
2.44035880086e-16	0
3.57024492566e-13	-1.85153346648e-12
7.13804949251e-13	1.85802610277e-12
1.07058540594e-12	-1.56450252059e-11
1.42736586262e-12	-4.37425928812e-11
1.78414631931e-12	-1.04018994806e-10
2.14092677599e-12	-1.90848503667e-10
2.49770723268e-12	-2.85282325541e-10
2.85448768937e-12	-3.19724302589e-10
3.21126814605e-12	-1.76934703e-10
3.56804860274e-12	2.86897477997e-10
3.92482905942e-12	1.17880150086e-09
4.28160951611e-12	2.46261855352e-09
4.63838997279e-12	3.84495901784e-09
4.99517042948e-12	4.74569850084e-09
5.35195088616e-12	4.42022152214e-09
5.70873134285e-12	2.25940643972e-09
6.06551179954e-12	-1.82285020411e-09
6.42229225622e-12	-7.09806213806e-09
6.77907271291e-12	-1.2058881893e-08
7.13585316959e-12	-1.4867067577e-08
7.49263362628e-12	-1.41021949673e-08
7.84941408296e-12	-9.46709022287e-09
8.20619453965e-12	-2.076903316e-09
8.56297499634e-12	5.88427750969e-09
8.91975545302e-12	1.2009389927e-08
9.27653590971e-12	1.46270737744e-08
9.63331636639e-12	1.33995206042e-08
9.99009682308e-12	9.31052746012e-09
1.03468772798e-11	4.09730960271e-09
1.07036577364e-11	-5.26094834363e-10
1.10604381931e-11	-3.47829898217e-09
1.14172186498e-11	-4.52040227472e-09
1.17739991065e-11	-4.07889766407e-09
1.21307795632e-11	-2.87260615295e-09
1.24875600199e-11	-1.55973089999e-09
1.28443404766e-11	-5.41975408996e-10
1.32011209332e-11	5.38894068258e-11
1.35579013899e-11	2.8913521577e-10
1.39146818466e-11	3.0020799735e-10
1.42714623033e-11	2.15616594024e-10
1.462824276e-11	1.19486323613e-10
1.49850232167e-11	5.02822991577e-11
1.53418036734e-11	1.42316184878e-11
1.569858413e-11	1.93665439588e-12
1.60553645867e-11	8.11984594146e-13
1.64121450434e-11	2.108849987e-12
1.67689255001e-11	3.83964084485e-12
1.71257059568e-11	1.56705247736e-12
1.74824864135e-11	-2.56012225308e-13
1.78392668702e-11	3.08628123058e-13
1.81960473268e-11	2.1715524344e-12
1.85528277835e-11	3.66803072291e-12
1.89096082402e-11	3.97121441634e-12
1.92663886969e-11	3.02430259655e-12
1.96231691536e-11	1.63394124619e-12
1.99799496103e-11	7.20748981331e-13
2.0336730067e-11	8.24694913054e-13
2.06935105236e-11	1.5455930806e-12
2.10502909803e-11	2.28498209937e-12
2.1407071437e-11	2.38199434135e-12
2.17638518937e-11	1.76252285336e-12
2.21206323504e-11	1.03452663103e-12
2.24774128071e-11	8.04284590317e-13
2.28341932638e-11	8.68875284221e-13
2.31909737204e-11	1.27464141672e-12
2.35477541771e-11	1.49075955573e-12
2.39045346338e-11	1.46420787821e-12
2.42613150905e-11	1.26697675788e-12
2.46180955472e-11	8.24534451133e-13
