% time-domain current integration by openEMS v0.0.35-108-gc651cce @Wed Mar 12 09:21:07 2025
% start-coordinates: (-1.274e-05,-4.4427e-05,0.000161037) m -> [156,68,60]
% stop-coordinates: (-1.194e-05,-4.11275e-05,0.000161037) m -> [158,75,60]
% t/s	current
2.44035880086e-16	0
3.57024492566e-13	-1.32984866608e-12
7.13804949251e-13	2.78363790351e-12
1.07058540594e-12	7.70561240683e-13
1.42736586262e-12	-2.91762989636e-12
1.78414631931e-12	-1.09534152581e-11
2.14092677599e-12	-2.82487991332e-11
2.49770723268e-12	-5.57481075192e-11
2.85448768937e-12	-8.80426703764e-11
3.21126814605e-12	-1.05329640843e-10
3.56804860274e-12	-7.12792463942e-11
3.92482905942e-12	6.37524963376e-11
4.28160951611e-12	3.40276723465e-10
4.63838997279e-12	7.53313023072e-10
4.99517042948e-12	1.21121290775e-09
5.35195088616e-12	1.5180314783e-09
5.70873134285e-12	1.41119982366e-09
6.06551179954e-12	6.67630173368e-10
6.42229225622e-12	-7.51933126875e-10
6.77907271291e-12	-2.58704502265e-09
7.13585316959e-12	-4.28228430494e-09
7.49263362628e-12	-5.15223552711e-09
7.84941408296e-12	-4.67077443389e-09
8.20619453965e-12	-2.75125344729e-09
8.56297499634e-12	1.36821831642e-10
8.91975545302e-12	3.10899239686e-09
9.27653590971e-12	5.21682874677e-09
9.63331636639e-12	5.83996984105e-09
9.99009682308e-12	4.92899543403e-09
1.03468772798e-11	2.97312507946e-09
1.07036577364e-11	7.42521377717e-10
1.10604381931e-11	-1.05583575216e-09
1.14172186498e-11	-2.03013983402e-09
1.17739991065e-11	-2.1683352891e-09
1.21307795632e-11	-1.72994252257e-09
1.24875600199e-11	-1.06402930911e-09
1.28443404766e-11	-4.5155734707e-10
1.32011209332e-11	-3.52700299522e-11
1.35579013899e-11	1.68120489752e-10
1.39146818466e-11	2.14430029288e-10
1.42714623033e-11	1.76397105256e-10
1.462824276e-11	1.11495729316e-10
1.49850232167e-11	5.28166399505e-11
1.53418036734e-11	1.37122934535e-11
1.569858413e-11	-5.07725372162e-12
1.60553645867e-11	-8.98923123438e-12
1.64121450434e-11	-5.5704681319e-12
1.67689255001e-11	-1.69155249703e-12
1.71257059568e-11	7.6028403408e-13
1.74824864135e-11	-1.52321254568e-12
1.78392668702e-11	-4.3765507711e-12
1.81960473268e-11	-5.08941846999e-12
1.85528277835e-11	-3.6924408843e-12
1.89096082402e-11	-1.0834208964e-12
1.92663886969e-11	8.03950927098e-13
1.96231691536e-11	9.36402322869e-13
1.99799496103e-11	-1.88393246316e-13
2.0336730067e-11	-1.51669432222e-12
2.06935105236e-11	-2.00625518802e-12
2.10502909803e-11	-1.44431103362e-12
2.1407071437e-11	-2.25176919211e-13
2.17638518937e-11	4.47631189927e-13
2.21206323504e-11	3.63179457211e-13
2.24774128071e-11	-3.01119047232e-13
2.28341932638e-11	-1.08451886794e-12
2.31909737204e-11	-1.34788729657e-12
2.35477541771e-11	-9.510599773e-13
2.39045346338e-11	-4.08779455598e-13
2.42613150905e-11	-7.80053512018e-14
2.46180955472e-11	-1.8593519736e-13
