% time-domain current integration by openEMS v0.0.35-108-gc651cce @Thu Mar  6 15:40:31 2025
% start-coordinates: (-3.51e-05,-1.02815e-05,0.000161037) m -> [25,60,62]
% stop-coordinates: (-3.43e-05,-6.97e-06,0.000161037) m -> [27,69,62]
% t/s	current
2.23353918557e-16	0
3.57142915773e-13	-6.76134703781e-11
7.14062477628e-13	-2.75146877504e-10
1.07098203948e-12	-3.60340479677e-10
1.42790160134e-12	-1.00130188863e-10
1.78482116319e-12	1.10522957453e-09
2.14174072505e-12	4.24949453404e-09
2.4986602869e-12	1.05594066824e-08
2.85557984876e-12	2.08111110567e-08
3.21249941061e-12	3.39215198153e-08
3.56941897247e-12	4.49528023694e-08
3.92633853432e-12	4.3345803391e-08
4.28325809617e-12	1.29604389443e-08
4.64017765803e-12	-6.4189457305e-08
4.99709721988e-12	-1.99515710619e-07
5.35401678174e-12	-3.86198820479e-07
5.71093634359e-12	-5.89049932387e-07
6.06785590545e-12	-7.42949339383e-07
6.4247754673e-12	-7.65862068874e-07
6.78169502916e-12	-5.86757607834e-07
7.13861459101e-12	-1.8017868797e-07
7.49553415287e-12	4.07895527132e-07
7.85245371472e-12	1.05857679955e-06
8.20937327658e-12	1.60987440267e-06
8.56629283843e-12	1.9098181383e-06
8.92321240029e-12	1.87176794952e-06
9.28013196214e-12	1.50736832438e-06
9.63705152399e-12	9.21863147596e-07
9.99397108585e-12	2.74082879059e-07
1.03508906477e-11	-2.80376298178e-07
1.07078102096e-11	-6.38027870536e-07
1.10647297714e-11	-7.70001122419e-07
1.14216493333e-11	-7.14029511073e-07
1.17785688951e-11	-5.45505997707e-07
1.2135488457e-11	-3.4375673863e-07
1.24924080188e-11	-1.67407492313e-07
1.28493275807e-11	-4.49570585204e-08
1.32062471425e-11	2.13518731584e-08
1.35631667044e-11	4.47944970006e-08
1.39200862663e-11	4.31483506702e-08
1.42770058281e-11	3.13586632217e-08
1.463392539e-11	1.87058581957e-08
1.49908449518e-11	9.22837006812e-09
1.53477645137e-11	3.56920071276e-09
1.57046840755e-11	8.37982461199e-10
1.60616036374e-11	-1.51306883689e-10
1.64185231992e-11	-3.19985510311e-10
1.67754427611e-11	-2.22112342407e-10
1.71323623229e-11	-1.61009358624e-10
1.74892818848e-11	-1.39982123115e-10
1.78462014467e-11	-1.46296988413e-10
1.82031210085e-11	-1.55850665706e-10
1.85600405704e-11	-1.60104152158e-10
1.89169601322e-11	-1.56755983194e-10
1.92738796941e-11	-1.51107529267e-10
1.96307992559e-11	-1.4865959852e-10
1.99877188178e-11	-1.51548634753e-10
2.03446383796e-11	-1.57964683001e-10
2.07015579415e-11	-1.64007168957e-10
2.10584775033e-11	-1.67060157374e-10
2.14153970652e-11	-1.6663874447e-10
2.17723166271e-11	-1.65118349549e-10
2.21292361889e-11	-1.65143690389e-10
2.24861557508e-11	-1.67719740873e-10
2.28430753126e-11	-1.71947955874e-10
2.31999948745e-11	-1.75726766471e-10
2.35569144363e-11	-1.77660872125e-10
2.39138339982e-11	-1.77795500544e-10
2.427075356e-11	-1.77553277636e-10
2.46276731219e-11	-1.78124209826e-10
2.49845926837e-11	-1.80095161006e-10
2.53415122456e-11	-1.82649423364e-10
2.56984318075e-11	-1.85019277676e-10
