% time-domain voltage integration by openEMS v0.0.35-108-gc651cce @Wed Mar 12 09:21:07 2025
% start-coordinates: (-1.244e-05,-4.26269e-05,0.00015727) m -> [157,72,46]
% stop-coordinates: (-1.244e-05,-4.26269e-05,0.00016498) m -> [157,72,74]
% t/s	voltage
0	-0
3.56780456686e-13	7.97687304665e-11
7.13560913371e-13	-1.50164938643e-10
1.07034137006e-12	-3.17255855918e-11
1.42712182674e-12	1.39358837838e-10
1.78390228343e-12	5.48549887805e-10
2.14068274011e-12	1.40373643265e-09
2.4974631968e-12	2.77532199999e-09
2.85424365349e-12	4.38477673614e-09
3.21102411017e-12	5.26068742734e-09
3.56780456686e-12	3.60327686438e-09
3.92458502354e-12	-3.0674087298e-09
4.28136548023e-12	-1.68002099454e-08
4.63814593691e-12	-3.73479346338e-08
4.9949263936e-12	-6.02464036437e-08
5.35170685028e-12	-7.57237306193e-08
5.70848730697e-12	-7.0706752453e-08
6.06526776366e-12	-3.3996243598e-08
6.42204822034e-12	3.65320353968e-08
6.77882867703e-12	1.28084658435e-07
7.13560913371e-12	2.13034081931e-07
7.4923895904e-12	2.57172152018e-07
7.84917004708e-12	2.34034198243e-07
8.20595050377e-12	1.38958505591e-07
8.56273096046e-12	-4.92476050218e-09
8.91951141714e-12	-1.53619518439e-07
9.27629187383e-12	-2.59662786384e-07
9.63307233051e-12	-2.91803427643e-07
9.9898527872e-12	-2.47147832866e-07
1.03466332439e-11	-1.49893493173e-07
1.07034137006e-11	-3.84212558435e-08
1.10601941573e-11	5.18294971386e-08
1.14169746139e-11	1.01053694079e-07
1.17737550706e-11	1.08418830136e-07
1.21305355273e-11	8.67856837505e-08
1.2487315984e-11	5.35612093566e-08
1.28440964407e-11	2.28826031456e-08
1.32008768974e-11	1.9594722997e-09
1.35576573541e-11	-8.32008112406e-09
1.39144378107e-11	-1.07006616346e-08
1.42712182674e-11	-8.83996634227e-09
1.46279987241e-11	-5.60732275889e-09
1.49847791808e-11	-2.6701529876e-09
1.53415596375e-11	-7.02054749405e-10
1.56983400942e-11	2.46173172992e-10
1.60551205509e-11	4.47127217196e-10
1.64119010075e-11	2.82607734957e-10
1.67686814642e-11	8.56058238619e-11
1.71254619209e-11	-3.86224908392e-11
1.74822423776e-11	6.75239918233e-11
1.78390228343e-11	2.1172983939e-10
1.8195803291e-11	2.57328429398e-10
1.85525837477e-11	1.86242348366e-10
1.89093642043e-11	5.8992579593e-11
1.9266144661e-11	-4.05920108724e-11
1.96229251177e-11	-4.77655269938e-11
1.99797055744e-11	1.03004077164e-11
2.03364860311e-11	7.57269800252e-11
2.06932664878e-11	1.00777386436e-10
2.10500469445e-11	7.21189991407e-11
2.14068274011e-11	1.46234367389e-11
2.17636078578e-11	-2.36781241315e-11
2.21203883145e-11	-2.06346080088e-11
2.24771687712e-11	1.70009013378e-11
2.28339492279e-11	5.42220985993e-11
2.31907296846e-11	6.69798953714e-11
2.35475101413e-11	4.93246038631e-11
2.39042905979e-11	2.0023599044e-11
2.42610710546e-11	5.7246018364e-12
2.46178515113e-11	9.75079861147e-12
