% time-domain voltage integration by openEMS v0.0.35-108-gc651cce @Fri Mar 14 13:53:30 2025
% start-coordinates: (-6.4535e-05,-2.452e-05,0.00016648) m -> [18,44,52]
% stop-coordinates: (-6.4035e-05,-2.452e-05,0.00016648) m -> [19,44,52]
% t/s	voltage
0	-0
3.56849879828e-13	-0
7.13699759656e-13	-0
1.07054963948e-12	-0
1.42739951931e-12	-0
1.78424939914e-12	-0
2.14109927897e-12	-0
2.4979491588e-12	-0
2.85479903863e-12	-0
3.21164891845e-12	-0
3.56849879828e-12	-0
3.92534867811e-12	-0
4.28219855794e-12	-0
4.63904843777e-12	-0
4.99589831759e-12	-0
5.35274819742e-12	-0
5.70959807725e-12	-0
6.06644795708e-12	-0
6.42329783691e-12	-0
6.78014771674e-12	-0
7.13699759656e-12	-0
7.49384747639e-12	-0
7.85069735622e-12	-0
8.20754723605e-12	-0
8.56439711588e-12	-0
8.9212469957e-12	-0
9.27809687553e-12	-0
9.63494675536e-12	-0
9.99179663519e-12	-0
1.0348646515e-11	-0
1.07054963948e-11	-0
1.10623462747e-11	-0
1.14191961545e-11	-0
1.17760460343e-11	-0
1.21328959142e-11	-0
1.2489745794e-11	-0
1.28465956738e-11	-0
1.32034455536e-11	-0
1.35602954335e-11	-0
1.39171453133e-11	-0
1.42739951931e-11	-0
1.4630845073e-11	-0
1.49876949528e-11	-0
1.53445448326e-11	-0
1.57013947124e-11	-0
1.60582445923e-11	-0
1.64150944721e-11	-0
1.67719443519e-11	-0
1.71287942318e-11	-0
1.74856441116e-11	-0
1.78424939914e-11	-0
1.81993438712e-11	-0
1.85561937511e-11	-0
1.89130436309e-11	-0
1.92698935107e-11	-0
1.96267433906e-11	-0
1.99835932704e-11	-0
2.03404431502e-11	-0
2.069729303e-11	-0
2.10541429099e-11	-0
2.14109927897e-11	-0
2.17678426695e-11	-0
2.21246925493e-11	-0
2.24815424292e-11	-0
2.2838392309e-11	-0
2.31952421888e-11	-0
2.35520920687e-11	-0
2.39089419485e-11	-0
2.42657918283e-11	-0
2.46226417081e-11	-0
2.4979491588e-11	-0
2.53363414678e-11	-0
2.56931913476e-11	-0
2.60500412275e-11	-0
2.64068911073e-11	-0
2.67637409871e-11	-0
2.71205908669e-11	-0
2.74774407468e-11	-0
2.78342906266e-11	-0
2.81911405064e-11	-0
2.85479903863e-11	-0
2.89048402661e-11	-0
2.92616901459e-11	-0
2.96185400257e-11	-0
2.99753899056e-11	-0
3.03322397854e-11	-0
3.06890896652e-11	-0
3.10459395451e-11	-0
3.14027894249e-11	-0
3.17596393047e-11	-0
3.21164891845e-11	-0
3.24733390644e-11	-0
3.28301889442e-11	-0
3.3187038824e-11	-0
3.35438887038e-11	-0
3.39007385837e-11	-0
3.42575884635e-11	-0
3.46144383433e-11	-0
3.49712882232e-11	-0
3.5328138103e-11	-0
3.56849879828e-11	-0
3.60418378626e-11	-0
3.63986877425e-11	-0
3.67555376223e-11	-0
3.71123875021e-11	-0
3.7469237382e-11	-0
3.78260872618e-11	-0
3.81829371416e-11	-0
3.85397870214e-11	-0
3.88966369013e-11	-0
3.92534867811e-11	-0
3.96103366609e-11	-0
3.99671865408e-11	-0
4.03240364206e-11	-0
4.06808863004e-11	-0
4.10377361802e-11	-0
4.13945860601e-11	-0
4.17514359399e-11	-0
4.21082858197e-11	-0
4.24651356996e-11	-0
4.28219855794e-11	-0
4.31788354592e-11	-0
4.3535685339e-11	-0
4.38925352189e-11	-0
4.42493850987e-11	-0
4.46062349785e-11	-0
4.49630848584e-11	-0
4.53199347382e-11	-0
4.5676784618e-11	-0
4.60336344978e-11	-0
4.63904843777e-11	-0
4.67473342575e-11	-0
4.71041841373e-11	-0
4.74610340171e-11	-0
4.7817883897e-11	-0
4.81747337768e-11	-0
4.85315836566e-11	-0
4.88884335365e-11	-0
4.92452834163e-11	-0
4.96021332961e-11	-0
4.99589831759e-11	-0
5.03158330558e-11	-0
5.06726829356e-11	-0
5.10295328154e-11	-0
5.13863826953e-11	-0
5.17432325751e-11	-0
5.21000824549e-11	-0
5.24569323347e-11	-0
5.28137822146e-11	-0
5.31706320944e-11	-0
5.35274819742e-11	-0
5.38843318541e-11	-0
5.42411817339e-11	-0
5.45980316137e-11	-0
5.49548814935e-11	-0
5.53117313734e-11	-0
5.56685812532e-11	-0
5.6025431133e-11	-0
5.63822810129e-11	-0
5.67391308927e-11	-0
5.70959807725e-11	-0
5.74528306523e-11	-0
5.78096805322e-11	-0
5.8166530412e-11	-0
5.85233802918e-11	-0
5.88802301717e-11	-0
5.92370800515e-11	-0
5.95939299313e-11	-0
5.99507798111e-11	-0
6.0307629691e-11	-0
6.06644795708e-11	-0
6.10213294506e-11	-0
6.13781793304e-11	-0
6.17350292103e-11	-0
6.20918790901e-11	-0
6.24487289699e-11	-0
6.28055788498e-11	-0
6.31624287296e-11	-0
6.35192786094e-11	-0
6.38761284892e-11	-0
6.42329783691e-11	-0
6.45898282489e-11	-0
6.49466781287e-11	-0
6.53035280086e-11	-0
6.56603778884e-11	-0
6.60172277682e-11	-0
6.6374077648e-11	-0
6.67309275279e-11	-0
6.70877774077e-11	-0
6.74446272875e-11	-0
6.78014771674e-11	-0
6.81583270472e-11	-0
6.8515176927e-11	-0
6.88720268068e-11	-0
6.92288766867e-11	-0
6.95857265665e-11	-0
6.99425764463e-11	-0
7.02994263262e-11	-0
7.0656276206e-11	-0
7.10131260858e-11	-0
7.13699759656e-11	-0
7.17268258455e-11	-0
7.20836757253e-11	-0
7.24405256051e-11	-0
7.27973754849e-11	-0
7.31542253648e-11	-0
7.35110752446e-11	-0
7.38679251244e-11	-0
7.42247750043e-11	-0
7.45816248841e-11	-0
7.49384747639e-11	-0
7.52953246437e-11	-0
7.56521745236e-11	-0
7.60090244034e-11	-0
7.63658742832e-11	-0
7.67227241631e-11	-0
7.70795740429e-11	-0
7.74364239227e-11	-0
7.77932738025e-11	-0
7.81501236824e-11	-0
7.85069735622e-11	-0
7.8863823442e-11	-0
7.92206733219e-11	-0
7.95775232017e-11	-0
7.99343730815e-11	-0
8.02912229613e-11	-0
8.06480728412e-11	-0
8.1004922721e-11	-0
8.13617726008e-11	-0
8.17186224807e-11	-0
8.20754723605e-11	-0
8.24323222403e-11	-0
8.27891721201e-11	-0
8.3146022e-11	-0
8.35028718798e-11	-0
8.38597217596e-11	-0
8.42165716395e-11	-0
8.45734215193e-11	-0
8.49302713991e-11	-0
8.52871212789e-11	-0
8.56439711588e-11	-0
8.60008210386e-11	-0
8.63576709184e-11	-0
8.67145207982e-11	-0
8.70713706781e-11	-0
8.74282205579e-11	-0
8.77850704377e-11	-0
8.81419203176e-11	-0
8.84987701974e-11	-0
8.88556200772e-11	-0
8.9212469957e-11	-0
8.95693198369e-11	-0
8.99261697167e-11	-0
9.02830195965e-11	-0
9.06398694764e-11	-0
9.09967193562e-11	-0
9.1353569236e-11	-0
9.17104191158e-11	-0
9.20672689957e-11	-0
9.24241188755e-11	-0
9.27809687553e-11	-0
9.31378186352e-11	-0
9.3494668515e-11	-0
9.38515183948e-11	-0
9.42083682746e-11	-0
9.45652181545e-11	-0
9.49220680343e-11	-0
9.52789179141e-11	-0
9.5635767794e-11	-0
9.59926176738e-11	-0
9.63494675536e-11	-0
9.67063174334e-11	-0
9.70631673133e-11	-0
9.74200171931e-11	-0
9.77768670729e-11	-0
9.81337169528e-11	-0
9.84905668326e-11	-0
9.88474167124e-11	-0
9.92042665922e-11	-0
9.95611164721e-11	-0
9.99179663519e-11	-0
1.00274816232e-10	-0
1.00631666112e-10	-0
1.00988515991e-10	-0
1.01345365871e-10	-0
1.01702215751e-10	-0
1.02059065631e-10	-0
1.02415915511e-10	-0
1.02772765391e-10	-0
1.0312961527e-10	-0
1.0348646515e-10	-0
1.0384331503e-10	-0
1.0420016491e-10	-0
1.0455701479e-10	-0
1.04913864669e-10	-0
1.05270714549e-10	-0
1.05627564429e-10	-0
1.05984414309e-10	-0
1.06341264189e-10	-0
1.06698114069e-10	-0
1.07054963948e-10	-0
1.07411813828e-10	-0
1.07768663708e-10	-0
1.08125513588e-10	-0
1.08482363468e-10	-0
1.08839213348e-10	-0
1.09196063227e-10	-0
1.09552913107e-10	-0
1.09909762987e-10	-0
1.10266612867e-10	-0
1.10623462747e-10	-0
1.10980312627e-10	-0
1.11337162506e-10	-0
1.11694012386e-10	-0
1.12050862266e-10	-0
1.12407712146e-10	-0
1.12764562026e-10	-0
1.13121411906e-10	-0
1.13478261785e-10	-0
1.13835111665e-10	-0
1.14191961545e-10	-0
1.14548811425e-10	-0
1.14905661305e-10	-0
1.15262511185e-10	-0
1.15619361064e-10	-0
1.15976210944e-10	-0
1.16333060824e-10	-0
1.16689910704e-10	-0
1.17046760584e-10	-0
1.17403610463e-10	-0
1.17760460343e-10	-0
1.18117310223e-10	-0
1.18474160103e-10	-0
1.18831009983e-10	-0
1.19187859863e-10	-0
1.19544709742e-10	-0
1.19901559622e-10	-0
1.20258409502e-10	-0
1.20615259382e-10	-0
1.20972109262e-10	-0
1.21328959142e-10	-0
1.21685809021e-10	-0
1.22042658901e-10	-0
1.22399508781e-10	-0
1.22756358661e-10	-0
1.23113208541e-10	-0
1.23470058421e-10	-0
1.238269083e-10	-0
1.2418375818e-10	-0
1.2454060806e-10	-0
1.2489745794e-10	-0
1.2525430782e-10	-0
1.256111577e-10	-0
1.25968007579e-10	-0
1.26324857459e-10	-0
1.26681707339e-10	-0
1.27038557219e-10	-0
1.27395407099e-10	-0
1.27752256978e-10	-0
1.28109106858e-10	-0
1.28465956738e-10	-0
1.28822806618e-10	-0
1.29179656498e-10	-0
1.29536506378e-10	-0
1.29893356257e-10	-0
1.30250206137e-10	-0
1.30607056017e-10	-0
1.30963905897e-10	-0
1.31320755777e-10	-0
1.31677605657e-10	-0
1.32034455536e-10	-0
1.32391305416e-10	-0
1.32748155296e-10	-0
1.33105005176e-10	-0
1.33461855056e-10	-0
1.33818704936e-10	-0
1.34175554815e-10	-0
1.34532404695e-10	-0
1.34889254575e-10	-0
1.35246104455e-10	-0
1.35602954335e-10	-0
1.35959804215e-10	-0
1.36316654094e-10	-0
1.36673503974e-10	-0
1.37030353854e-10	-0
1.37387203734e-10	-0
1.37744053614e-10	-0
1.38100903494e-10	-0
1.38457753373e-10	-0
1.38814603253e-10	-0
1.39171453133e-10	-0
1.39528303013e-10	-0
1.39885152893e-10	-0
1.40242002772e-10	-0
1.40598852652e-10	-0
1.40955702532e-10	-0
1.41312552412e-10	-0
1.41669402292e-10	-0
1.42026252172e-10	-0
1.42383102051e-10	-0
1.42739951931e-10	-0
1.43096801811e-10	-0
1.43453651691e-10	-0
1.43810501571e-10	-0
1.44167351451e-10	-0
1.4452420133e-10	-0
1.4488105121e-10	-0
1.4523790109e-10	-0
1.4559475097e-10	-0
1.4595160085e-10	-0
1.4630845073e-10	-0
1.46665300609e-10	-0
1.47022150489e-10	-0
1.47379000369e-10	-0
1.47735850249e-10	-0
1.48092700129e-10	-0
1.48449550009e-10	-0
1.48806399888e-10	-0
1.49163249768e-10	-0
1.49520099648e-10	-0
1.49876949528e-10	-0
1.50233799408e-10	-0
1.50590649287e-10	-0
1.50947499167e-10	-0
1.51304349047e-10	-0
1.51661198927e-10	-0
1.52018048807e-10	-0
1.52374898687e-10	-0
1.52731748566e-10	-0
1.53088598446e-10	-0
1.53445448326e-10	-0
1.53802298206e-10	-0
1.54159148086e-10	-0
1.54515997966e-10	-0
1.54872847845e-10	-0
1.55229697725e-10	-0
1.55586547605e-10	-0
1.55943397485e-10	-0
1.56300247365e-10	-0
1.56657097245e-10	-0
1.57013947124e-10	-0
1.57370797004e-10	-0
1.57727646884e-10	-0
1.58084496764e-10	-0
1.58441346644e-10	-0
1.58798196524e-10	-0
1.59155046403e-10	-0
1.59511896283e-10	-0
1.59868746163e-10	-0
1.60225596043e-10	-0
1.60582445923e-10	-0
1.60939295803e-10	-0
1.61296145682e-10	-0
1.61652995562e-10	-0
1.62009845442e-10	-0
1.62366695322e-10	-0
1.62723545202e-10	-0
1.63080395081e-10	-0
1.63437244961e-10	-0
1.63794094841e-10	-0
1.64150944721e-10	-0
1.64507794601e-10	-0
1.64864644481e-10	-0
1.6522149436e-10	-0
1.6557834424e-10	-0
1.6593519412e-10	-0
1.66292044e-10	-0
1.6664889388e-10	-0
1.6700574376e-10	-0
1.67362593639e-10	-0
1.67719443519e-10	-0
1.68076293399e-10	-0
1.68433143279e-10	-0
1.68789993159e-10	-0
1.69146843039e-10	-0
1.69503692918e-10	-0
1.69860542798e-10	-0
1.70217392678e-10	-0
1.70574242558e-10	-0
1.70931092438e-10	-0
1.71287942318e-10	-0
1.71644792197e-10	-0
1.72001642077e-10	-0
1.72358491957e-10	-0
1.72715341837e-10	-0
1.73072191717e-10	-0
1.73429041596e-10	-0
1.73785891476e-10	-0
1.74142741356e-10	-0
1.74499591236e-10	-0
1.74856441116e-10	-0
1.75213290996e-10	-0
1.75570140875e-10	-0
1.75926990755e-10	-0
1.76283840635e-10	-0
1.76640690515e-10	-0
1.76997540395e-10	-0
1.77354390275e-10	-0
1.77711240154e-10	-0
1.78068090034e-10	-0
1.78424939914e-10	-0
1.78781789794e-10	-0
1.79138639674e-10	-0
1.79495489554e-10	-0
1.79852339433e-10	-0
1.80209189313e-10	-0
1.80566039193e-10	-0
1.80922889073e-10	-0
1.81279738953e-10	-0
1.81636588833e-10	-0
1.81993438712e-10	-0
1.82350288592e-10	-0
1.82707138472e-10	-0
1.83063988352e-10	-0
1.83420838232e-10	-0
1.83777688112e-10	-0
1.84134537991e-10	-0
1.84491387871e-10	-0
1.84848237751e-10	-0
1.85205087631e-10	-0
1.85561937511e-10	-0
1.8591878739e-10	-0
1.8627563727e-10	-0
1.8663248715e-10	-0
1.8698933703e-10	-0
1.8734618691e-10	-0
1.8770303679e-10	-0
1.88059886669e-10	-0
1.88416736549e-10	-0
1.88773586429e-10	-0
1.89130436309e-10	-0
1.89487286189e-10	-0
1.89844136069e-10	-0
1.90200985948e-10	-0
1.90557835828e-10	-0
1.90914685708e-10	-0
1.91271535588e-10	-0
1.91628385468e-10	-0
1.91985235348e-10	-0
1.92342085227e-10	-0
1.92698935107e-10	-0
1.93055784987e-10	-0
1.93412634867e-10	-0
1.93769484747e-10	-0
1.94126334627e-10	-0
1.94483184506e-10	-0
1.94840034386e-10	-0
1.95196884266e-10	-0
1.95553734146e-10	-0
1.95910584026e-10	-0
1.96267433906e-10	-0
1.96624283785e-10	-0
1.96981133665e-10	-0
1.97337983545e-10	-0
1.97694833425e-10	-0
1.98051683305e-10	-0
1.98408533184e-10	-0
1.98765383064e-10	-0
1.99122232944e-10	-0
1.99479082824e-10	-0
1.99835932704e-10	-0
2.00192782584e-10	-0
2.00549632463e-10	-0
2.00906482343e-10	-0
2.01263332223e-10	-0
2.01620182103e-10	-0
2.01977031983e-10	-0
2.02333881863e-10	-0
2.02690731742e-10	-0
2.03047581622e-10	-0
2.03404431502e-10	-0
2.03761281382e-10	-0
2.04118131262e-10	-0
2.04474981142e-10	-0
2.04831831021e-10	-0
2.05188680901e-10	-0
2.05545530781e-10	-0
2.05902380661e-10	-0
2.06259230541e-10	-0
2.06616080421e-10	-0
2.069729303e-10	-0
2.0732978018e-10	-0
2.0768663006e-10	-0
2.0804347994e-10	-0
2.0840032982e-10	-0
2.08757179699e-10	-0
2.09114029579e-10	-0
2.09470879459e-10	-0
2.09827729339e-10	-0
2.10184579219e-10	-0
2.10541429099e-10	-0
2.10898278978e-10	-0
2.11255128858e-10	-0
2.11611978738e-10	-0
2.11968828618e-10	-0
2.12325678498e-10	-0
2.12682528378e-10	-0
2.13039378257e-10	-0
2.13396228137e-10	-0
2.13753078017e-10	-0
2.14109927897e-10	-0
2.14466777777e-10	-0
2.14823627657e-10	-0
2.15180477536e-10	-0
2.15537327416e-10	-0
2.15894177296e-10	-0
2.16251027176e-10	-0
2.16607877056e-10	-0
2.16964726936e-10	-0
2.17321576815e-10	-0
2.17678426695e-10	-0
2.18035276575e-10	-0
2.18392126455e-10	-0
2.18748976335e-10	-0
2.19105826215e-10	-0
2.19462676094e-10	-0
2.19819525974e-10	-0
2.20176375854e-10	-0
2.20533225734e-10	-0
2.20890075614e-10	-0
2.21246925493e-10	-0
2.21603775373e-10	-0
2.21960625253e-10	-0
2.22317475133e-10	-0
2.22674325013e-10	-0
2.23031174893e-10	-0
2.23388024772e-10	-0
2.23744874652e-10	-0
2.24101724532e-10	-0
2.24458574412e-10	-0
2.24815424292e-10	-0
2.25172274172e-10	-0
2.25529124051e-10	-0
2.25885973931e-10	-0
2.26242823811e-10	-0
2.26599673691e-10	-0
2.26956523571e-10	-0
2.27313373451e-10	-0
2.2767022333e-10	-0
2.2802707321e-10	-0
2.2838392309e-10	-0
2.2874077297e-10	-0
2.2909762285e-10	-0
2.2945447273e-10	-0
2.29811322609e-10	-0
2.30168172489e-10	-0
2.30525022369e-10	-0
2.30881872249e-10	-0
2.31238722129e-10	-0
2.31595572008e-10	-0
2.31952421888e-10	-0
2.32309271768e-10	-0
2.32666121648e-10	-0
2.33022971528e-10	-0
2.33379821408e-10	-0
2.33736671287e-10	-0
2.34093521167e-10	-0
2.34450371047e-10	-0
2.34807220927e-10	-0
2.35164070807e-10	-0
2.35520920687e-10	-0
2.35877770566e-10	-0
2.36234620446e-10	-0
2.36591470326e-10	-0
2.36948320206e-10	-0
2.37305170086e-10	-0
2.37662019966e-10	-0
2.38018869845e-10	-0
2.38375719725e-10	-0
2.38732569605e-10	-0
2.39089419485e-10	-0
2.39446269365e-10	-0
2.39803119245e-10	-0
2.40159969124e-10	-0
2.40516819004e-10	-0
2.40873668884e-10	-0
2.41230518764e-10	-0
2.41587368644e-10	-0
2.41944218524e-10	-0
2.42301068403e-10	-0
2.42657918283e-10	-0
2.43014768163e-10	-0
2.43371618043e-10	-0
2.43728467923e-10	-0
2.44085317802e-10	-0
2.44442167682e-10	-0
2.44799017562e-10	-0
2.45155867442e-10	-0
2.45512717322e-10	-0
2.45869567202e-10	-0
2.46226417081e-10	-0
2.46583266961e-10	-0
2.46940116841e-10	-0
2.47296966721e-10	-0
2.47653816601e-10	-0
2.48010666481e-10	-0
2.4836751636e-10	-0
2.4872436624e-10	-0
2.4908121612e-10	-0
2.49438066e-10	-0
2.4979491588e-10	-0
2.5015176576e-10	-0
2.50508615639e-10	-0
2.50865465519e-10	-0
2.51222315399e-10	-0
2.51579165279e-10	-0
2.51936015159e-10	-0
2.52292865039e-10	-0
2.52649714918e-10	-0
2.53006564798e-10	-0
2.53363414678e-10	-0
2.53720264558e-10	-0
2.54077114438e-10	-0
2.54433964317e-10	-0
2.54790814197e-10	-0
2.55147664077e-10	-0
2.55504513957e-10	-0
2.55861363837e-10	-0
2.56218213717e-10	-0
2.56575063596e-10	-0
2.56931913476e-10	-0
2.57288763356e-10	-0
2.57645613236e-10	-0
2.58002463116e-10	-0
2.58359312996e-10	-0
2.58716162875e-10	-0
2.59073012755e-10	-0
2.59429862635e-10	-0
2.59786712515e-10	-0
2.60143562395e-10	-0
2.60500412275e-10	-0
2.60857262154e-10	-0
2.61214112034e-10	-0
2.61570961914e-10	-0
2.61927811794e-10	-0
2.62284661674e-10	-0
2.62641511554e-10	-0
2.62998361433e-10	-0
2.63355211313e-10	-0
2.63712061193e-10	-0
2.64068911073e-10	-0
2.64425760953e-10	-0
2.64782610833e-10	-0
2.65139460712e-10	-0
2.65496310592e-10	-0
2.65853160472e-10	-0
2.66210010352e-10	-0
2.66566860232e-10	-0
2.66923710111e-10	-0
2.67280559991e-10	-0
2.67637409871e-10	-0
2.67994259751e-10	-0
2.68351109631e-10	-0
2.68707959511e-10	-0
2.6906480939e-10	-0
2.6942165927e-10	-0
2.6977850915e-10	-0
2.7013535903e-10	-0
2.7049220891e-10	-0
2.7084905879e-10	-0
2.71205908669e-10	-0
2.71562758549e-10	-0
2.71919608429e-10	-0
2.72276458309e-10	-0
2.72633308189e-10	-0
2.72990158069e-10	-0
2.73347007948e-10	-0
2.73703857828e-10	-0
2.74060707708e-10	-0
2.74417557588e-10	-0
2.74774407468e-10	-0
2.75131257348e-10	-0
2.75488107227e-10	-0
2.75844957107e-10	-0
2.76201806987e-10	-0
2.76558656867e-10	-0
2.76915506747e-10	-0
2.77272356627e-10	-0
2.77629206506e-10	-0
2.77986056386e-10	-0
2.78342906266e-10	-0
2.78699756146e-10	-0
2.79056606026e-10	-0
2.79413455905e-10	-0
2.79770305785e-10	-0
2.80127155665e-10	-0
2.80484005545e-10	-0
2.80840855425e-10	-0
2.81197705305e-10	-0
2.81554555184e-10	-0
2.81911405064e-10	-0
2.82268254944e-10	-0
2.82625104824e-10	-0
2.82981954704e-10	-0
2.83338804584e-10	-0
2.83695654463e-10	-0
2.84052504343e-10	-0
2.84409354223e-10	-0
2.84766204103e-10	-0
2.85123053983e-10	-0
2.85479903863e-10	-0
2.85836753742e-10	-0
2.86193603622e-10	-0
2.86550453502e-10	-0
2.86907303382e-10	-0
2.87264153262e-10	-0
2.87621003142e-10	-0
2.87977853021e-10	-0
2.88334702901e-10	-0
2.88691552781e-10	-0
2.89048402661e-10	-0
2.89405252541e-10	-0
2.8976210242e-10	-0
2.901189523e-10	-0
2.9047580218e-10	-0
2.9083265206e-10	-0
2.9118950194e-10	-0
2.9154635182e-10	-0
2.91903201699e-10	-0
2.92260051579e-10	-0
2.92616901459e-10	-0
2.92973751339e-10	-0
2.93330601219e-10	-0
2.93687451099e-10	-0
2.94044300978e-10	-0
2.94401150858e-10	-0
2.94758000738e-10	-0
2.95114850618e-10	-0
2.95471700498e-10	-0
2.95828550378e-10	-0
2.96185400257e-10	-0
2.96542250137e-10	-0
2.96899100017e-10	-0
2.97255949897e-10	-0
2.97612799777e-10	-0
2.97969649657e-10	-0
2.98326499536e-10	-0
2.98683349416e-10	-0
2.99040199296e-10	-0
2.99397049176e-10	-0
2.99753899056e-10	-0
3.00110748936e-10	-0
3.00467598815e-10	-0
3.00824448695e-10	-0
3.01181298575e-10	-0
3.01538148455e-10	-0
3.01894998335e-10	-0
3.02251848214e-10	-0
3.02608698094e-10	-0
3.02965547974e-10	-0
3.03322397854e-10	-0
3.03679247734e-10	-0
3.04036097614e-10	-0
3.04392947493e-10	-0
3.04749797373e-10	-0
3.05106647253e-10	-0
3.05463497133e-10	-0
3.05820347013e-10	-0
3.06177196893e-10	-0
3.06534046772e-10	-0
3.06890896652e-10	-0
3.07247746532e-10	-0
3.07604596412e-10	-0
3.07961446292e-10	-0
3.08318296172e-10	-0
3.08675146051e-10	-0
3.09031995931e-10	-0
3.09388845811e-10	-0
3.09745695691e-10	-0
3.10102545571e-10	-0
3.10459395451e-10	-0
3.1081624533e-10	-0
3.1117309521e-10	-0
3.1152994509e-10	-0
3.1188679497e-10	-0
3.1224364485e-10	-0
3.12600494729e-10	-0
3.12957344609e-10	-0
3.13314194489e-10	-0
3.13671044369e-10	-0
3.14027894249e-10	-0
3.14384744129e-10	-0
3.14741594008e-10	-0
3.15098443888e-10	-0
3.15455293768e-10	-0
3.15812143648e-10	-0
3.16168993528e-10	-0
3.16525843408e-10	-0
3.16882693287e-10	-0
3.17239543167e-10	-0
3.17596393047e-10	-0
3.17953242927e-10	-0
3.18310092807e-10	-0
3.18666942687e-10	-0
3.19023792566e-10	-0
3.19380642446e-10	-0
3.19737492326e-10	-0
3.20094342206e-10	-0
3.20451192086e-10	-0
3.20808041966e-10	-0
3.21164891845e-10	-0
3.21521741725e-10	-0
3.21878591605e-10	-0
3.22235441485e-10	-0
3.22592291365e-10	-0
3.22949141245e-10	-0
3.23305991124e-10	-0
3.23662841004e-10	-0
3.24019690884e-10	-0
3.24376540764e-10	-0
3.24733390644e-10	-0
3.25090240523e-10	-0
3.25447090403e-10	-0
3.25803940283e-10	-0
3.26160790163e-10	-0
3.26517640043e-10	-0
3.26874489923e-10	-0
3.27231339802e-10	-0
3.27588189682e-10	-0
3.27945039562e-10	-0
3.28301889442e-10	-0
3.28658739322e-10	-0
3.29015589202e-10	-0
3.29372439081e-10	-0
3.29729288961e-10	-0
3.30086138841e-10	-0
3.30442988721e-10	-0
3.30799838601e-10	-0
3.31156688481e-10	-0
3.3151353836e-10	-0
3.3187038824e-10	-0
3.3222723812e-10	-0
3.32584088e-10	-0
3.3294093788e-10	-0
3.3329778776e-10	-0
3.33654637639e-10	-0
3.34011487519e-10	-0
3.34368337399e-10	-0
3.34725187279e-10	-0
3.35082037159e-10	-0
3.35438887038e-10	-0
3.35795736918e-10	-0
3.36152586798e-10	-0
3.36509436678e-10	-0
3.36866286558e-10	-0
3.37223136438e-10	-0
3.37579986317e-10	-0
3.37936836197e-10	-0
3.38293686077e-10	-0
3.38650535957e-10	-0
3.39007385837e-10	-0
3.39364235717e-10	-0
3.39721085596e-10	-0
3.40077935476e-10	-0
3.40434785356e-10	-0
3.40791635236e-10	-0
3.41148485116e-10	-0
3.41505334996e-10	-0
3.41862184875e-10	-0
3.42219034755e-10	-0
3.42575884635e-10	-0
3.42932734515e-10	-0
3.43289584395e-10	-0
3.43646434275e-10	-0
3.44003284154e-10	-0
3.44360134034e-10	-0
3.44716983914e-10	-0
3.45073833794e-10	-0
3.45430683674e-10	-0
3.45787533554e-10	-0
3.46144383433e-10	-0
3.46501233313e-10	-0
3.46858083193e-10	-0
3.47214933073e-10	-0
3.47571782953e-10	-0
3.47928632832e-10	-0
3.48285482712e-10	-0
3.48642332592e-10	-0
3.48999182472e-10	-0
3.49356032352e-10	-0
3.49712882232e-10	-0
3.50069732111e-10	-0
3.50426581991e-10	-0
3.50783431871e-10	-0
3.51140281751e-10	-0
3.51497131631e-10	-0
3.51853981511e-10	-0
3.5221083139e-10	-0
3.5256768127e-10	-0
3.5292453115e-10	-0
3.5328138103e-10	-0
3.5363823091e-10	-0
3.5399508079e-10	-0
3.54351930669e-10	-0
3.54708780549e-10	-0
3.55065630429e-10	-0
3.55422480309e-10	-0
3.55779330189e-10	-0
3.56136180069e-10	-0
3.56493029948e-10	-0
3.56849879828e-10	-0
3.57206729708e-10	-0
3.57563579588e-10	-0
3.57920429468e-10	-0
3.58277279347e-10	-0
3.58634129227e-10	-0
3.58990979107e-10	-0
3.59347828987e-10	-0
3.59704678867e-10	-0
3.60061528747e-10	-0
3.60418378626e-10	-0
3.60775228506e-10	-0
3.61132078386e-10	-0
3.61488928266e-10	-0
3.61845778146e-10	-0
3.62202628026e-10	-0
3.62559477905e-10	-0
3.62916327785e-10	-0
3.63273177665e-10	-0
3.63630027545e-10	-0
3.63986877425e-10	-0
3.64343727305e-10	-0
3.64700577184e-10	-0
3.65057427064e-10	-0
3.65414276944e-10	-0
3.65771126824e-10	-0
3.66127976704e-10	-0
3.66484826584e-10	-0
3.66841676463e-10	-0
3.67198526343e-10	-0
3.67555376223e-10	-0
3.67912226103e-10	-0
3.68269075983e-10	-0
3.68625925863e-10	-0
3.68982775742e-10	-0
3.69339625622e-10	-0
3.69696475502e-10	-0
3.70053325382e-10	-0
3.70410175262e-10	-0
3.70767025141e-10	-0
3.71123875021e-10	-0
3.71480724901e-10	-0
3.71837574781e-10	-0
3.72194424661e-10	-0
3.72551274541e-10	-0
3.7290812442e-10	-0
3.732649743e-10	-0
3.7362182418e-10	-0
3.7397867406e-10	-0
3.7433552394e-10	-0
3.7469237382e-10	-0
3.75049223699e-10	-0
3.75406073579e-10	-0
3.75762923459e-10	-0
3.76119773339e-10	-0
3.76476623219e-10	-0
3.76833473099e-10	-0
3.77190322978e-10	-0
3.77547172858e-10	-0
3.77904022738e-10	-0
3.78260872618e-10	-0
3.78617722498e-10	-0
3.78974572378e-10	-0
3.79331422257e-10	-0
3.79688272137e-10	-0
3.80045122017e-10	-0
3.80401971897e-10	-0
3.80758821777e-10	-0
3.81115671657e-10	-0
3.81472521536e-10	-0
3.81829371416e-10	-0
3.82186221296e-10	-0
3.82543071176e-10	-0
3.82899921056e-10	-0
3.83256770935e-10	-0
3.83613620815e-10	-0
3.83970470695e-10	-0
3.84327320575e-10	-0
3.84684170455e-10	-0
3.85041020335e-10	-0
3.85397870214e-10	-0
3.85754720094e-10	-0
3.86111569974e-10	-0
3.86468419854e-10	-0
3.86825269734e-10	-0
3.87182119614e-10	-0
3.87538969493e-10	-0
3.87895819373e-10	-0
3.88252669253e-10	-0
3.88609519133e-10	-0
3.88966369013e-10	-0
3.89323218893e-10	-0
3.89680068772e-10	-0
3.90036918652e-10	-0
3.90393768532e-10	-0
3.90750618412e-10	-0
3.91107468292e-10	-0
3.91464318172e-10	-0
3.91821168051e-10	-0
3.92178017931e-10	-0
3.92534867811e-10	-0
3.92891717691e-10	-0
3.93248567571e-10	-0
3.9360541745e-10	-0
3.9396226733e-10	-0
3.9431911721e-10	-0
3.9467596709e-10	-0
3.9503281697e-10	-0
3.9538966685e-10	-0
3.95746516729e-10	-0
3.96103366609e-10	-0
3.96460216489e-10	-0
3.96817066369e-10	-0
3.97173916249e-10	-0
3.97530766129e-10	-0
3.97887616008e-10	-0
3.98244465888e-10	-0
3.98601315768e-10	-0
3.98958165648e-10	-0
3.99315015528e-10	-0
3.99671865408e-10	-0
4.00028715287e-10	-0
4.00385565167e-10	-0
4.00742415047e-10	-0
4.01099264927e-10	-0
4.01456114807e-10	-0
4.01812964687e-10	-0
4.02169814566e-10	-0
4.02526664446e-10	-0
4.02883514326e-10	-0
4.03240364206e-10	-0
4.03597214086e-10	-0
4.03954063966e-10	-0
4.04310913845e-10	-0
4.04667763725e-10	-0
4.05024613605e-10	-0
4.05381463485e-10	-0
4.05738313365e-10	-0
4.06095163244e-10	-0
4.06452013124e-10	-0
4.06808863004e-10	-0
4.07165712884e-10	-0
4.07522562764e-10	-0
4.07879412644e-10	-0
4.08236262523e-10	-0
4.08593112403e-10	-0
4.08949962283e-10	-0
4.09306812163e-10	-0
4.09663662043e-10	-0
4.10020511923e-10	-0
4.10377361802e-10	-0
4.10734211682e-10	-0
4.11091061562e-10	-0
4.11447911442e-10	-0
4.11804761322e-10	-0
4.12161611202e-10	-0
4.12518461081e-10	-0
4.12875310961e-10	-0
4.13232160841e-10	-0
4.13589010721e-10	-0
4.13945860601e-10	-0
4.14302710481e-10	-0
4.1465956036e-10	-0
4.1501641024e-10	-0
4.1537326012e-10	-0
4.1573011e-10	-0
4.1608695988e-10	-0
4.16443809759e-10	-0
4.16800659639e-10	-0
4.17157509519e-10	-0
4.17514359399e-10	-0
4.17871209279e-10	-0
4.18228059159e-10	-0
4.18584909038e-10	-0
4.18941758918e-10	-0
4.19298608798e-10	-0
4.19655458678e-10	-0
4.20012308558e-10	-0
4.20369158438e-10	-0
4.20726008317e-10	-0
4.21082858197e-10	-0
4.21439708077e-10	-0
4.21796557957e-10	-0
4.22153407837e-10	-0
4.22510257717e-10	-0
4.22867107596e-10	-0
4.23223957476e-10	-0
4.23580807356e-10	-0
4.23937657236e-10	-0
4.24294507116e-10	-0
4.24651356996e-10	-0
4.25008206875e-10	-0
4.25365056755e-10	-0
4.25721906635e-10	-0
4.26078756515e-10	-0
4.26435606395e-10	-0
4.26792456275e-10	-0
4.27149306154e-10	-0
4.27506156034e-10	-0
4.27863005914e-10	-0
4.28219855794e-10	-0
4.28576705674e-10	-0
4.28933555553e-10	-0
4.29290405433e-10	-0
4.29647255313e-10	-0
4.30004105193e-10	-0
4.30360955073e-10	-0
4.30717804953e-10	-0
4.31074654832e-10	-0
4.31431504712e-10	-0
4.31788354592e-10	-0
4.32145204472e-10	-0
4.32502054352e-10	-0
4.32858904232e-10	-0
4.33215754111e-10	-0
4.33572603991e-10	-0
4.33929453871e-10	-0
4.34286303751e-10	-0
4.34643153631e-10	-0
4.35000003511e-10	-0
4.3535685339e-10	-0
4.3571370327e-10	-0
4.3607055315e-10	-0
4.3642740303e-10	-0
4.3678425291e-10	-0
4.3714110279e-10	-0
4.37497952669e-10	-0
4.37854802549e-10	-0
4.38211652429e-10	-0
4.38568502309e-10	-0
4.38925352189e-10	-0
4.39282202068e-10	-0
4.39639051948e-10	-0
4.39995901828e-10	-0
4.40352751708e-10	-0
4.40709601588e-10	-0
4.41066451468e-10	-0
4.41423301347e-10	-0
4.41780151227e-10	-0
4.42137001107e-10	-0
4.42493850987e-10	-0
4.42850700867e-10	-0
4.43207550747e-10	-0
4.43564400626e-10	-0
4.43921250506e-10	-0
4.44278100386e-10	-0
4.44634950266e-10	-0
4.44991800146e-10	-0
4.45348650026e-10	-0
4.45705499905e-10	-0
4.46062349785e-10	-0
4.46419199665e-10	-0
4.46776049545e-10	-0
4.47132899425e-10	-0
4.47489749305e-10	-0
4.47846599184e-10	-0
4.48203449064e-10	-0
4.48560298944e-10	-0
4.48917148824e-10	-0
4.49273998704e-10	-0
4.49630848584e-10	-0
4.49987698463e-10	-0
4.50344548343e-10	-0
4.50701398223e-10	-0
4.51058248103e-10	-0
4.51415097983e-10	-0
4.51771947862e-10	-0
4.52128797742e-10	-0
4.52485647622e-10	-0
4.52842497502e-10	-0
4.53199347382e-10	-0
4.53556197262e-10	-0
4.53913047141e-10	-0
4.54269897021e-10	-0
4.54626746901e-10	-0
4.54983596781e-10	-0
4.55340446661e-10	-0
4.55697296541e-10	-0
4.5605414642e-10	-0
4.564109963e-10	-0
4.5676784618e-10	-0
4.5712469606e-10	-0
4.5748154594e-10	-0
4.5783839582e-10	-0
4.58195245699e-10	-0
4.58552095579e-10	-0
4.58908945459e-10	-0
4.59265795339e-10	-0
4.59622645219e-10	-0
4.59979495099e-10	-0
4.60336344978e-10	-0
4.60693194858e-10	-0
4.61050044738e-10	-0
4.61406894618e-10	-0
4.61763744498e-10	-0
4.62120594378e-10	-0
4.62477444257e-10	-0
4.62834294137e-10	-0
4.63191144017e-10	-0
4.63547993897e-10	-0
4.63904843777e-10	-0
4.64261693656e-10	-0
4.64618543536e-10	-0
4.64975393416e-10	-0
4.65332243296e-10	-0
4.65689093176e-10	-0
4.66045943056e-10	-0
4.66402792935e-10	-0
4.66759642815e-10	-0
4.67116492695e-10	-0
4.67473342575e-10	-0
4.67830192455e-10	-0
4.68187042335e-10	-0
4.68543892214e-10	-0
4.68900742094e-10	-0
4.69257591974e-10	-0
4.69614441854e-10	-0
4.69971291734e-10	-0
4.70328141614e-10	-0
4.70684991493e-10	-0
4.71041841373e-10	-0
4.71398691253e-10	-0
4.71755541133e-10	-0
4.72112391013e-10	-0
4.72469240893e-10	-0
4.72826090772e-10	-0
4.73182940652e-10	-0
4.73539790532e-10	-0
4.73896640412e-10	-0
4.74253490292e-10	-0
4.74610340171e-10	-0
4.74967190051e-10	-0
4.75324039931e-10	-0
4.75680889811e-10	-0
4.76037739691e-10	-0
4.76394589571e-10	-0
4.7675143945e-10	-0
4.7710828933e-10	-0
4.7746513921e-10	-0
4.7782198909e-10	-0
4.7817883897e-10	-0
4.7853568885e-10	-0
4.78892538729e-10	-0
4.79249388609e-10	-0
4.79606238489e-10	-0
4.79963088369e-10	-0
4.80319938249e-10	-0
4.80676788129e-10	-0
4.81033638008e-10	-0
4.81390487888e-10	-0
4.81747337768e-10	-0
4.82104187648e-10	-0
4.82461037528e-10	-0
4.82817887408e-10	-0
4.83174737287e-10	-0
4.83531587167e-10	-0
4.83888437047e-10	-0
4.84245286927e-10	-0
4.84602136807e-10	-0
4.84958986687e-10	-0
4.85315836566e-10	-0
4.85672686446e-10	-0
4.86029536326e-10	-0
4.86386386206e-10	-0
4.86743236086e-10	-0
4.87100085965e-10	-0
4.87456935845e-10	-0
4.87813785725e-10	-0
4.88170635605e-10	-0
4.88527485485e-10	-0
4.88884335365e-10	-0
4.89241185244e-10	-0
4.89598035124e-10	-0
4.89954885004e-10	-0
4.90311734884e-10	-0
4.90668584764e-10	-0
4.91025434644e-10	-0
4.91382284523e-10	-0
4.91739134403e-10	-0
4.92095984283e-10	-0
4.92452834163e-10	-0
4.92809684043e-10	-0
4.93166533923e-10	-0
4.93523383802e-10	-0
4.93880233682e-10	-0
4.94237083562e-10	-0
4.94593933442e-10	-0
4.94950783322e-10	-0
4.95307633202e-10	-0
4.95664483081e-10	-0
4.96021332961e-10	-0
4.96378182841e-10	-0
4.96735032721e-10	-0
4.97091882601e-10	-0
4.9744873248e-10	-0
4.9780558236e-10	-0
4.9816243224e-10	-0
4.9851928212e-10	-0
4.98876132e-10	-0
4.9923298188e-10	-0
4.99589831759e-10	-0
4.99946681639e-10	-0
5.00303531519e-10	-0
5.00660381399e-10	-0
5.01017231279e-10	-0
5.01374081159e-10	-0
5.01730931038e-10	-0
5.02087780918e-10	-0
5.02444630798e-10	-0
5.02801480678e-10	-0
5.03158330558e-10	-0
5.03515180438e-10	-0
5.03872030317e-10	-0
5.04228880197e-10	-0
5.04585730077e-10	-0
5.04942579957e-10	-0
5.05299429837e-10	-0
5.05656279717e-10	-0
5.06013129596e-10	-0
5.06369979476e-10	-0
5.06726829356e-10	-0
5.07083679236e-10	-0
5.07440529116e-10	-0
5.07797378996e-10	-0
5.08154228875e-10	-0
5.08511078755e-10	-0
5.08867928635e-10	-0
5.09224778515e-10	-0
5.09581628395e-10	-0
5.09938478274e-10	-0
5.10295328154e-10	-0
5.10652178034e-10	-0
5.11009027914e-10	-0
5.11365877794e-10	-0
5.11722727674e-10	-0
5.12079577553e-10	-0
5.12436427433e-10	-0
5.12793277313e-10	-0
5.13150127193e-10	-0
5.13506977073e-10	-0
5.13863826953e-10	-0
5.14220676832e-10	-0
5.14577526712e-10	-0
5.14934376592e-10	-0
5.15291226472e-10	-0
5.15648076352e-10	-0
5.16004926232e-10	-0
5.16361776111e-10	-0
5.16718625991e-10	-0
5.17075475871e-10	-0
5.17432325751e-10	-0
5.17789175631e-10	-0
5.18146025511e-10	-0
5.1850287539e-10	-0
5.1885972527e-10	-0
5.1921657515e-10	-0
5.1957342503e-10	-0
5.1993027491e-10	-0
5.20287124789e-10	-0
5.20643974669e-10	-0
5.21000824549e-10	-0
5.21357674429e-10	-0
5.21714524309e-10	-0
5.22071374189e-10	-0
5.22428224068e-10	-0
5.22785073948e-10	-0
5.23141923828e-10	-0
5.23498773708e-10	-0
5.23855623588e-10	-0
5.24212473468e-10	-0
5.24569323347e-10	-0
5.24926173227e-10	-0
5.25283023107e-10	-0
5.25639872987e-10	-0
5.25996722867e-10	-0
5.26353572747e-10	-0
5.26710422626e-10	-0
5.27067272506e-10	-0
5.27424122386e-10	-0
5.27780972266e-10	-0
5.28137822146e-10	-0
5.28494672026e-10	-0
5.28851521905e-10	-0
5.29208371785e-10	-0
5.29565221665e-10	-0
5.29922071545e-10	-0
5.30278921425e-10	-0
5.30635771305e-10	-0
5.30992621184e-10	-0
5.31349471064e-10	-0
5.31706320944e-10	-0
5.32063170824e-10	-0
5.32420020704e-10	-0
5.32776870583e-10	-0
5.33133720463e-10	-0
5.33490570343e-10	-0
5.33847420223e-10	-0
5.34204270103e-10	-0
5.34561119983e-10	-0
5.34917969862e-10	-0
5.35274819742e-10	-0
5.35631669622e-10	-0
5.35988519502e-10	-0
5.36345369382e-10	-0
5.36702219262e-10	-0
5.37059069141e-10	-0
5.37415919021e-10	-0
5.37772768901e-10	-0
5.38129618781e-10	-0
5.38486468661e-10	-0
5.38843318541e-10	-0
5.3920016842e-10	-0
5.395570183e-10	-0
5.3991386818e-10	-0
5.4027071806e-10	-0
5.4062756794e-10	-0
5.4098441782e-10	-0
5.41341267699e-10	-0
5.41698117579e-10	-0
5.42054967459e-10	-0
5.42411817339e-10	-0
5.42768667219e-10	-0
5.43125517098e-10	-0
5.43482366978e-10	-0
5.43839216858e-10	-0
5.44196066738e-10	-0
5.44552916618e-10	-0
5.44909766498e-10	-0
5.45266616377e-10	-0
5.45623466257e-10	-0
5.45980316137e-10	-0
5.46337166017e-10	-0
5.46694015897e-10	-0
5.47050865777e-10	-0
5.47407715656e-10	-0
5.47764565536e-10	-0
5.48121415416e-10	-0
5.48478265296e-10	-0
5.48835115176e-10	-0
5.49191965056e-10	-0
5.49548814935e-10	-0
5.49905664815e-10	-0
5.50262514695e-10	-0
5.50619364575e-10	-0
5.50976214455e-10	-0
5.51333064335e-10	-0
5.51689914214e-10	-0
5.52046764094e-10	-0
5.52403613974e-10	-0
5.52760463854e-10	-0
5.53117313734e-10	-0
5.53474163614e-10	-0
5.53831013493e-10	-0
5.54187863373e-10	-0
5.54544713253e-10	-0
5.54901563133e-10	-0
5.55258413013e-10	-0
5.55615262892e-10	-0
5.55972112772e-10	-0
5.56328962652e-10	-0
5.56685812532e-10	-0
5.57042662412e-10	-0
5.57399512292e-10	-0
5.57756362171e-10	-0
5.58113212051e-10	-0
5.58470061931e-10	-0
5.58826911811e-10	-0
5.59183761691e-10	-0
5.59540611571e-10	-0
5.5989746145e-10	-0
5.6025431133e-10	-0
5.6061116121e-10	-0
5.6096801109e-10	-0
5.6132486097e-10	-0
5.6168171085e-10	-0
5.62038560729e-10	-0
5.62395410609e-10	-0
5.62752260489e-10	-0
5.63109110369e-10	-0
5.63465960249e-10	-0
5.63822810129e-10	-0
5.64179660008e-10	-0
5.64536509888e-10	-0
5.64893359768e-10	-0
5.65250209648e-10	-0
5.65607059528e-10	-0
5.65963909408e-10	-0
5.66320759287e-10	-0
5.66677609167e-10	-0
5.67034459047e-10	-0
5.67391308927e-10	-0
5.67748158807e-10	-0
5.68105008686e-10	-0
5.68461858566e-10	-0
5.68818708446e-10	-0
5.69175558326e-10	-0
5.69532408206e-10	-0
5.69889258086e-10	-0
5.70246107965e-10	-0
5.70602957845e-10	-0
5.70959807725e-10	-0
5.71316657605e-10	-0
5.71673507485e-10	-0
5.72030357365e-10	-0
5.72387207244e-10	-0
5.72744057124e-10	-0
5.73100907004e-10	-0
5.73457756884e-10	-0
5.73814606764e-10	-0
5.74171456644e-10	-0
5.74528306523e-10	-0
5.74885156403e-10	-0
5.75242006283e-10	-0
5.75598856163e-10	-0
5.75955706043e-10	-0
5.76312555923e-10	-0
5.76669405802e-10	-0
5.77026255682e-10	-0
5.77383105562e-10	-0
5.77739955442e-10	-0
5.78096805322e-10	-0
5.78453655201e-10	-0
5.78810505081e-10	-0
5.79167354961e-10	-0
5.79524204841e-10	-0
5.79881054721e-10	-0
5.80237904601e-10	-0
5.8059475448e-10	-0
5.8095160436e-10	-0
5.8130845424e-10	-0
5.8166530412e-10	-0
5.82022154e-10	-0
5.8237900388e-10	-0
5.82735853759e-10	-0
5.83092703639e-10	-0
5.83449553519e-10	-0
5.83806403399e-10	-0
5.84163253279e-10	-0
5.84520103159e-10	-0
5.84876953038e-10	-0
5.85233802918e-10	-0
5.85590652798e-10	-0
5.85947502678e-10	-0
5.86304352558e-10	-0
5.86661202438e-10	-0
5.87018052317e-10	-0
5.87374902197e-10	-0
5.87731752077e-10	-0
5.88088601957e-10	-0
5.88445451837e-10	-0
5.88802301717e-10	-0
5.89159151596e-10	-0
5.89516001476e-10	-0
5.89872851356e-10	-0
5.90229701236e-10	-0
5.90586551116e-10	-0
5.90943400995e-10	-0
5.91300250875e-10	-0
5.91657100755e-10	-0
5.92013950635e-10	-0
5.92370800515e-10	-0
5.92727650395e-10	-0
5.93084500274e-10	-0
5.93441350154e-10	-0
5.93798200034e-10	-0
5.94155049914e-10	-0
5.94511899794e-10	-0
5.94868749674e-10	-0
5.95225599553e-10	-0
5.95582449433e-10	-0
5.95939299313e-10	-0
5.96296149193e-10	-0
5.96652999073e-10	-0
5.97009848953e-10	-0
5.97366698832e-10	-0
5.97723548712e-10	-0
5.98080398592e-10	-0
5.98437248472e-10	-0
5.98794098352e-10	-0
5.99150948232e-10	-0
5.99507798111e-10	-0
5.99864647991e-10	-0
6.00221497871e-10	-0
6.00578347751e-10	-0
6.00935197631e-10	-0
6.0129204751e-10	-0
6.0164889739e-10	-0
6.0200574727e-10	-0
6.0236259715e-10	-0
6.0271944703e-10	-0
6.0307629691e-10	-0
6.03433146789e-10	-0
6.03789996669e-10	-0
6.04146846549e-10	-0
6.04503696429e-10	-0
6.04860546309e-10	-0
6.05217396189e-10	-0
6.05574246068e-10	-0
6.05931095948e-10	-0
6.06287945828e-10	-0
6.06644795708e-10	-0
6.07001645588e-10	-0
6.07358495468e-10	-0
6.07715345347e-10	-0
6.08072195227e-10	-0
6.08429045107e-10	-0
6.08785894987e-10	-0
6.09142744867e-10	-0
6.09499594747e-10	-0
6.09856444626e-10	-0
6.10213294506e-10	-0
6.10570144386e-10	-0
6.10926994266e-10	-0
6.11283844146e-10	-0
6.11640694026e-10	-0
6.11997543905e-10	-0
6.12354393785e-10	-0
6.12711243665e-10	-0
6.13068093545e-10	-0
6.13424943425e-10	-0
6.13781793304e-10	-0
6.14138643184e-10	-0
6.14495493064e-10	-0
6.14852342944e-10	-0
6.15209192824e-10	-0
6.15566042704e-10	-0
6.15922892583e-10	-0
6.16279742463e-10	-0
6.16636592343e-10	-0
6.16993442223e-10	-0
6.17350292103e-10	-0
6.17707141983e-10	-0
6.18063991862e-10	-0
6.18420841742e-10	-0
6.18777691622e-10	-0
6.19134541502e-10	-0
6.19491391382e-10	-0
6.19848241262e-10	-0
6.20205091141e-10	-0
6.20561941021e-10	-0
6.20918790901e-10	-0
6.21275640781e-10	-0
6.21632490661e-10	-0
6.21989340541e-10	-0
6.2234619042e-10	-0
6.227030403e-10	-0
6.2305989018e-10	-0
6.2341674006e-10	-0
6.2377358994e-10	-0
6.24130439819e-10	-0
6.24487289699e-10	-0
6.24844139579e-10	-0
6.25200989459e-10	-0
6.25557839339e-10	-0
6.25914689219e-10	-0
6.26271539098e-10	-0
6.26628388978e-10	-0
6.26985238858e-10	-0
6.27342088738e-10	-0
6.27698938618e-10	-0
6.28055788498e-10	-0
6.28412638377e-10	-0
6.28769488257e-10	-0
6.29126338137e-10	-0
6.29483188017e-10	-0
6.29840037897e-10	-0
6.30196887777e-10	-0
6.30553737656e-10	-0
6.30910587536e-10	-0
6.31267437416e-10	-0
6.31624287296e-10	-0
6.31981137176e-10	-0
6.32337987056e-10	-0
6.32694836935e-10	-0
6.33051686815e-10	-0
6.33408536695e-10	-0
6.33765386575e-10	-0
6.34122236455e-10	-0
6.34479086335e-10	-0
6.34835936214e-10	-0
6.35192786094e-10	-0
6.35549635974e-10	-0
6.35906485854e-10	-0
6.36263335734e-10	-0
6.36620185613e-10	-0
6.36977035493e-10	-0
6.37333885373e-10	-0
6.37690735253e-10	-0
6.38047585133e-10	-0
6.38404435013e-10	-0
6.38761284892e-10	-0
6.39118134772e-10	-0
6.39474984652e-10	-0
6.39831834532e-10	-0
6.40188684412e-10	-0
6.40545534292e-10	-0
6.40902384171e-10	-0
6.41259234051e-10	-0
6.41616083931e-10	-0
6.41972933811e-10	-0
6.42329783691e-10	-0
6.42686633571e-10	-0
6.4304348345e-10	-0
6.4340033333e-10	-0
6.4375718321e-10	-0
6.4411403309e-10	-0
6.4447088297e-10	-0
6.4482773285e-10	-0
6.45184582729e-10	-0
6.45541432609e-10	-0
6.45898282489e-10	-0
6.46255132369e-10	-0
6.46611982249e-10	-0
6.46968832129e-10	-0
6.47325682008e-10	-0
6.47682531888e-10	-0
6.48039381768e-10	-0
6.48396231648e-10	-0
6.48753081528e-10	-0
6.49109931407e-10	-0
6.49466781287e-10	-0
6.49823631167e-10	-0
6.50180481047e-10	-0
6.50537330927e-10	-0
6.50894180807e-10	-0
6.51251030686e-10	-0
6.51607880566e-10	-0
6.51964730446e-10	-0
6.52321580326e-10	-0
6.52678430206e-10	-0
6.53035280086e-10	-0
6.53392129965e-10	-0
6.53748979845e-10	-0
6.54105829725e-10	-0
6.54462679605e-10	-0
6.54819529485e-10	-0
6.55176379365e-10	-0
6.55533229244e-10	-0
6.55890079124e-10	-0
6.56246929004e-10	-0
6.56603778884e-10	-0
6.56960628764e-10	-0
6.57317478644e-10	-0
6.57674328523e-10	-0
6.58031178403e-10	-0
6.58388028283e-10	-0
6.58744878163e-10	-0
6.59101728043e-10	-0
6.59458577922e-10	-0
6.59815427802e-10	-0
6.60172277682e-10	-0
6.60529127562e-10	-0
6.60885977442e-10	-0
6.61242827322e-10	-0
6.61599677201e-10	-0
6.61956527081e-10	-0
6.62313376961e-10	-0
6.62670226841e-10	-0
6.63027076721e-10	-0
6.63383926601e-10	-0
6.6374077648e-10	-0
6.6409762636e-10	-0
6.6445447624e-10	-0
6.6481132612e-10	-0
6.65168176e-10	-0
6.6552502588e-10	-0
6.65881875759e-10	-0
6.66238725639e-10	-0
6.66595575519e-10	-0
6.66952425399e-10	-0
6.67309275279e-10	-0
6.67666125159e-10	-0
6.68022975038e-10	-0
6.68379824918e-10	-0
6.68736674798e-10	-0
6.69093524678e-10	-0
6.69450374558e-10	-0
6.69807224438e-10	-0
6.70164074317e-10	-0
6.70520924197e-10	-0
6.70877774077e-10	-0
6.71234623957e-10	-0
6.71591473837e-10	-0
6.71948323716e-10	-0
6.72305173596e-10	-0
6.72662023476e-10	-0
6.73018873356e-10	-0
6.73375723236e-10	-0
6.73732573116e-10	-0
6.74089422995e-10	-0
6.74446272875e-10	-0
6.74803122755e-10	-0
6.75159972635e-10	-0
6.75516822515e-10	-0
6.75873672395e-10	-0
6.76230522274e-10	-0
6.76587372154e-10	-0
6.76944222034e-10	-0
6.77301071914e-10	-0
6.77657921794e-10	-0
6.78014771674e-10	-0
6.78371621553e-10	-0
6.78728471433e-10	-0
6.79085321313e-10	-0
6.79442171193e-10	-0
6.79799021073e-10	-0
6.80155870953e-10	-0
6.80512720832e-10	-0
6.80869570712e-10	-0
6.81226420592e-10	-0
6.81583270472e-10	-0
6.81940120352e-10	-0
6.82296970231e-10	-0
6.82653820111e-10	-0
6.83010669991e-10	-0
6.83367519871e-10	-0
6.83724369751e-10	-0
6.84081219631e-10	-0
6.8443806951e-10	-0
6.8479491939e-10	-0
6.8515176927e-10	-0
6.8550861915e-10	-0
6.8586546903e-10	-0
6.8622231891e-10	-0
6.86579168789e-10	-0
6.86936018669e-10	-0
6.87292868549e-10	-0
6.87649718429e-10	-0
6.88006568309e-10	-0
6.88363418189e-10	-0
6.88720268068e-10	-0
6.89077117948e-10	-0
6.89433967828e-10	-0
6.89790817708e-10	-0
6.90147667588e-10	-0
6.90504517468e-10	-0
6.90861367347e-10	-0
6.91218217227e-10	-0
6.91575067107e-10	-0
6.91931916987e-10	-0
6.92288766867e-10	-0
6.92645616747e-10	-0
6.93002466626e-10	-0
6.93359316506e-10	-0
6.93716166386e-10	-0
6.94073016266e-10	-0
6.94429866146e-10	-0
6.94786716025e-10	-0
6.95143565905e-10	-0
6.95500415785e-10	-0
6.95857265665e-10	-0
6.96214115545e-10	-0
6.96570965425e-10	-0
6.96927815304e-10	-0
6.97284665184e-10	-0
6.97641515064e-10	-0
6.97998364944e-10	-0
6.98355214824e-10	-0
6.98712064704e-10	-0
6.99068914583e-10	-0
6.99425764463e-10	-0
6.99782614343e-10	-0
7.00139464223e-10	-0
7.00496314103e-10	-0
7.00853163983e-10	-0
7.01210013862e-10	-0
7.01566863742e-10	-0
7.01923713622e-10	-0
7.02280563502e-10	-0
7.02637413382e-10	-0
7.02994263262e-10	-0
7.03351113141e-10	-0
7.03707963021e-10	-0
7.04064812901e-10	-0
7.04421662781e-10	-0
7.04778512661e-10	-0
7.0513536254e-10	-0
7.0549221242e-10	-0
7.058490623e-10	-0
7.0620591218e-10	-0
7.0656276206e-10	-0
7.0691961194e-10	-0
7.07276461819e-10	-0
7.07633311699e-10	-0
7.07990161579e-10	-0
7.08347011459e-10	-0
7.08703861339e-10	-0
7.09060711219e-10	-0
7.09417561098e-10	-0
7.09774410978e-10	-0
7.10131260858e-10	-0
7.10488110738e-10	-0
7.10844960618e-10	-0
7.11201810498e-10	-0
7.11558660377e-10	-0
7.11915510257e-10	-0
7.12272360137e-10	-0
7.12629210017e-10	-0
7.12986059897e-10	-0
7.13342909777e-10	-0
7.13699759656e-10	-0
7.14056609536e-10	-0
7.14413459416e-10	-0
7.14770309296e-10	-0
7.15127159176e-10	-0
7.15484009056e-10	-0
7.15840858935e-10	-0
7.16197708815e-10	-0
7.16554558695e-10	-0
7.16911408575e-10	-0
7.17268258455e-10	-0
7.17625108334e-10	-0
7.17981958214e-10	-0
7.18338808094e-10	-0
7.18695657974e-10	-0
7.19052507854e-10	-0
7.19409357734e-10	-0
7.19766207613e-10	-0
7.20123057493e-10	-0
7.20479907373e-10	-0
7.20836757253e-10	-0
7.21193607133e-10	-0
7.21550457013e-10	-0
7.21907306892e-10	-0
7.22264156772e-10	-0
7.22621006652e-10	-0
7.22977856532e-10	-0
7.23334706412e-10	-0
7.23691556292e-10	-0
7.24048406171e-10	-0
7.24405256051e-10	-0
7.24762105931e-10	-0
7.25118955811e-10	-0
7.25475805691e-10	-0
7.25832655571e-10	-0
7.2618950545e-10	-0
7.2654635533e-10	-0
7.2690320521e-10	-0
7.2726005509e-10	-0
7.2761690497e-10	-0
7.27973754849e-10	-0
7.28330604729e-10	-0
7.28687454609e-10	-0
7.29044304489e-10	-0
7.29401154369e-10	-0
7.29758004249e-10	-0
7.30114854128e-10	-0
7.30471704008e-10	-0
7.30828553888e-10	-0
7.31185403768e-10	-0
7.31542253648e-10	-0
7.31899103528e-10	-0
7.32255953407e-10	-0
7.32612803287e-10	-0
7.32969653167e-10	-0
7.33326503047e-10	-0
7.33683352927e-10	-0
7.34040202807e-10	-0
7.34397052686e-10	-0
7.34753902566e-10	-0
7.35110752446e-10	-0
7.35467602326e-10	-0
7.35824452206e-10	-0
7.36181302086e-10	-0
7.36538151965e-10	-0
7.36895001845e-10	-0
7.37251851725e-10	-0
7.37608701605e-10	-0
7.37965551485e-10	-0
7.38322401365e-10	-0
7.38679251244e-10	-0
7.39036101124e-10	-0
7.39392951004e-10	-0
7.39749800884e-10	-0
7.40106650764e-10	-0
7.40463500643e-10	-0
7.40820350523e-10	-0
7.41177200403e-10	-0
7.41534050283e-10	-0
7.41890900163e-10	-0
7.42247750043e-10	-0
7.42604599922e-10	-0
7.42961449802e-10	-0
7.43318299682e-10	-0
7.43675149562e-10	-0
7.44031999442e-10	-0
7.44388849322e-10	-0
7.44745699201e-10	-0
7.45102549081e-10	-0
7.45459398961e-10	-0
7.45816248841e-10	-0
7.46173098721e-10	-0
7.46529948601e-10	-0
7.4688679848e-10	-0
7.4724364836e-10	-0
7.4760049824e-10	-0
7.4795734812e-10	-0
7.48314198e-10	-0
7.4867104788e-10	-0
7.49027897759e-10	-0
7.49384747639e-10	-0
7.49741597519e-10	-0
7.50098447399e-10	-0
7.50455297279e-10	-0
7.50812147159e-10	-0
7.51168997038e-10	-0
7.51525846918e-10	-0
7.51882696798e-10	-0
7.52239546678e-10	-0
7.52596396558e-10	-0
7.52953246437e-10	-0
7.53310096317e-10	-0
7.53666946197e-10	-0
7.54023796077e-10	-0
7.54380645957e-10	-0
7.54737495837e-10	-0
7.55094345716e-10	-0
7.55451195596e-10	-0
7.55808045476e-10	-0
7.56164895356e-10	-0
7.56521745236e-10	-0
7.56878595116e-10	-0
7.57235444995e-10	-0
7.57592294875e-10	-0
7.57949144755e-10	-0
7.58305994635e-10	-0
7.58662844515e-10	-0
7.59019694395e-10	-0
7.59376544274e-10	-0
7.59733394154e-10	-0
7.60090244034e-10	-0
7.60447093914e-10	-0
7.60803943794e-10	-0
7.61160793674e-10	-0
7.61517643553e-10	-0
7.61874493433e-10	-0
7.62231343313e-10	-0
7.62588193193e-10	-0
7.62945043073e-10	-0
7.63301892952e-10	-0
7.63658742832e-10	-0
7.64015592712e-10	-0
7.64372442592e-10	-0
7.64729292472e-10	-0
7.65086142352e-10	-0
7.65442992231e-10	-0
7.65799842111e-10	-0
7.66156691991e-10	-0
7.66513541871e-10	-0
7.66870391751e-10	-0
7.67227241631e-10	-0
7.6758409151e-10	-0
7.6794094139e-10	-0
7.6829779127e-10	-0
7.6865464115e-10	-0
7.6901149103e-10	-0
7.6936834091e-10	-0
7.69725190789e-10	-0
7.70082040669e-10	-0
7.70438890549e-10	-0
7.70795740429e-10	-0
7.71152590309e-10	-0
7.71509440189e-10	-0
7.71866290068e-10	-0
7.72223139948e-10	-0
7.72579989828e-10	-0
7.72936839708e-10	-0
7.73293689588e-10	-0
7.73650539468e-10	-0
7.74007389347e-10	-0
7.74364239227e-10	-0
7.74721089107e-10	-0
7.75077938987e-10	-0
7.75434788867e-10	-0
7.75791638746e-10	-0
7.76148488626e-10	-0
7.76505338506e-10	-0
7.76862188386e-10	-0
7.77219038266e-10	-0
7.77575888146e-10	-0
7.77932738025e-10	-0
7.78289587905e-10	-0
7.78646437785e-10	-0
7.79003287665e-10	-0
7.79360137545e-10	-0
7.79716987425e-10	-0
7.80073837304e-10	-0
7.80430687184e-10	-0
7.80787537064e-10	-0
7.81144386944e-10	-0
7.81501236824e-10	-0
7.81858086704e-10	-0
7.82214936583e-10	-0
7.82571786463e-10	-0
7.82928636343e-10	-0
7.83285486223e-10	-0
7.83642336103e-10	-0
7.83999185983e-10	-0
7.84356035862e-10	-0
7.84712885742e-10	-0
7.85069735622e-10	-0
7.85426585502e-10	-0
7.85783435382e-10	-0
7.86140285261e-10	-0
7.86497135141e-10	-0
7.86853985021e-10	-0
7.87210834901e-10	-0
7.87567684781e-10	-0
7.87924534661e-10	-0
7.8828138454e-10	-0
7.8863823442e-10	-0
7.889950843e-10	-0
7.8935193418e-10	-0
7.8970878406e-10	-0
7.9006563394e-10	-0
7.90422483819e-10	-0
7.90779333699e-10	-0
7.91136183579e-10	-0
7.91493033459e-10	-0
7.91849883339e-10	-0
7.92206733219e-10	-0
7.92563583098e-10	-0
7.92920432978e-10	-0
7.93277282858e-10	-0
7.93634132738e-10	-0
7.93990982618e-10	-0
7.94347832498e-10	-0
7.94704682377e-10	-0
7.95061532257e-10	-0
7.95418382137e-10	-0
7.95775232017e-10	-0
7.96132081897e-10	-0
7.96488931777e-10	-0
7.96845781656e-10	-0
7.97202631536e-10	-0
7.97559481416e-10	-0
7.97916331296e-10	-0
7.98273181176e-10	-0
7.98630031055e-10	-0
7.98986880935e-10	-0
7.99343730815e-10	-0
7.99700580695e-10	-0
8.00057430575e-10	-0
8.00414280455e-10	-0
8.00771130334e-10	-0
8.01127980214e-10	-0
8.01484830094e-10	-0
8.01841679974e-10	-0
8.02198529854e-10	-0
8.02555379734e-10	-0
8.02912229613e-10	-0
8.03269079493e-10	-0
8.03625929373e-10	-0
8.03982779253e-10	-0
8.04339629133e-10	-0
8.04696479013e-10	-0
8.05053328892e-10	-0
8.05410178772e-10	-0
8.05767028652e-10	-0
8.06123878532e-10	-0
8.06480728412e-10	-0
8.06837578292e-10	-0
8.07194428171e-10	-0
8.07551278051e-10	-0
8.07908127931e-10	-0
8.08264977811e-10	-0
8.08621827691e-10	-0
8.0897867757e-10	-0
8.0933552745e-10	-0
8.0969237733e-10	-0
8.1004922721e-10	-0
8.1040607709e-10	-0
8.1076292697e-10	-0
8.11119776849e-10	-0
8.11476626729e-10	-0
8.11833476609e-10	-0
8.12190326489e-10	-0
8.12547176369e-10	-0
8.12904026249e-10	-0
8.13260876128e-10	-0
8.13617726008e-10	-0
8.13974575888e-10	-0
8.14331425768e-10	-0
8.14688275648e-10	-0
8.15045125528e-10	-0
8.15401975407e-10	-0
8.15758825287e-10	-0
8.16115675167e-10	-0
8.16472525047e-10	-0
8.16829374927e-10	-0
8.17186224807e-10	-0
8.17543074686e-10	-0
8.17899924566e-10	-0
8.18256774446e-10	-0
8.18613624326e-10	-0
8.18970474206e-10	-0
8.19327324086e-10	-0
8.19684173965e-10	-0
8.20041023845e-10	-0
8.20397873725e-10	-0
8.20754723605e-10	-0
8.21111573485e-10	-0
8.21468423364e-10	-0
8.21825273244e-10	-0
8.22182123124e-10	-0
8.22538973004e-10	-0
8.22895822884e-10	-0
8.23252672764e-10	-0
8.23609522643e-10	-0
8.23966372523e-10	-0
8.24323222403e-10	-0
8.24680072283e-10	-0
8.25036922163e-10	-0
8.25393772043e-10	-0
8.25750621922e-10	-0
8.26107471802e-10	-0
8.26464321682e-10	-0
8.26821171562e-10	-0
8.27178021442e-10	-0
8.27534871322e-10	-0
8.27891721201e-10	-0
8.28248571081e-10	-0
8.28605420961e-10	-0
8.28962270841e-10	-0
8.29319120721e-10	-0
8.29675970601e-10	-0
8.3003282048e-10	-0
8.3038967036e-10	-0
8.3074652024e-10	-0
8.3110337012e-10	-0
8.3146022e-10	-0
8.3181706988e-10	-0
8.32173919759e-10	-0
8.32530769639e-10	-0
8.32887619519e-10	-0
8.33244469399e-10	-0
8.33601319279e-10	-0
8.33958169158e-10	-0
8.34315019038e-10	-0
8.34671868918e-10	-0
8.35028718798e-10	-0
8.35385568678e-10	-0
8.35742418558e-10	-0
8.36099268437e-10	-0
8.36456118317e-10	-0
8.36812968197e-10	-0
8.37169818077e-10	-0
8.37526667957e-10	-0
8.37883517837e-10	-0
8.38240367716e-10	-0
8.38597217596e-10	-0
8.38954067476e-10	-0
8.39310917356e-10	-0
8.39667767236e-10	-0
8.40024617116e-10	-0
8.40381466995e-10	-0
8.40738316875e-10	-0
8.41095166755e-10	-0
8.41452016635e-10	-0
8.41808866515e-10	-0
8.42165716395e-10	-0
8.42522566274e-10	-0
8.42879416154e-10	-0
8.43236266034e-10	-0
8.43593115914e-10	-0
8.43949965794e-10	-0
8.44306815673e-10	-0
8.44663665553e-10	-0
8.45020515433e-10	-0
8.45377365313e-10	-0
8.45734215193e-10	-0
8.46091065073e-10	-0
8.46447914952e-10	-0
8.46804764832e-10	-0
8.47161614712e-10	-0
8.47518464592e-10	-0
8.47875314472e-10	-0
8.48232164352e-10	-0
8.48589014231e-10	-0
8.48945864111e-10	-0
8.49302713991e-10	-0
8.49659563871e-10	-0
8.50016413751e-10	-0
8.50373263631e-10	-0
8.5073011351e-10	-0
8.5108696339e-10	-0
8.5144381327e-10	-0
8.5180066315e-10	-0
8.5215751303e-10	-0
8.5251436291e-10	-0
8.52871212789e-10	-0
8.53228062669e-10	-0
8.53584912549e-10	-0
8.53941762429e-10	-0
8.54298612309e-10	-0
8.54655462189e-10	-0
8.55012312068e-10	-0
8.55369161948e-10	-0
8.55726011828e-10	-0
8.56082861708e-10	-0
8.56439711588e-10	-0
8.56796561467e-10	-0
8.57153411347e-10	-0
8.57510261227e-10	-0
8.57867111107e-10	-0
8.58223960987e-10	-0
8.58580810867e-10	-0
8.58937660746e-10	-0
8.59294510626e-10	-0
8.59651360506e-10	-0
8.60008210386e-10	-0
8.60365060266e-10	-0
8.60721910146e-10	-0
8.61078760025e-10	-0
8.61435609905e-10	-0
8.61792459785e-10	-0
8.62149309665e-10	-0
8.62506159545e-10	-0
8.62863009425e-10	-0
8.63219859304e-10	-0
8.63576709184e-10	-0
8.63933559064e-10	-0
8.64290408944e-10	-0
8.64647258824e-10	-0
8.65004108704e-10	-0
8.65360958583e-10	-0
8.65717808463e-10	-0
8.66074658343e-10	-0
8.66431508223e-10	-0
8.66788358103e-10	-0
8.67145207982e-10	-0
8.67502057862e-10	-0
8.67858907742e-10	-0
8.68215757622e-10	-0
8.68572607502e-10	-0
8.68929457382e-10	-0
8.69286307261e-10	-0
8.69643157141e-10	-0
8.70000007021e-10	-0
8.70356856901e-10	-0
8.70713706781e-10	-0
8.71070556661e-10	-0
8.7142740654e-10	-0
8.7178425642e-10	-0
8.721411063e-10	-0
8.7249795618e-10	-0
8.7285480606e-10	-0
8.7321165594e-10	-0
8.73568505819e-10	-0
8.73925355699e-10	-0
8.74282205579e-10	-0
8.74639055459e-10	-0
8.74995905339e-10	-0
8.75352755219e-10	-0
8.75709605098e-10	-0
8.76066454978e-10	-0
8.76423304858e-10	-0
8.76780154738e-10	-0
8.77137004618e-10	-0
8.77493854498e-10	-0
8.77850704377e-10	-0
8.78207554257e-10	-0
8.78564404137e-10	-0
8.78921254017e-10	-0
8.79278103897e-10	-0
8.79634953776e-10	-0
8.79991803656e-10	-0
8.80348653536e-10	-0
8.80705503416e-10	-0
8.81062353296e-10	-0
8.81419203176e-10	-0
8.81776053055e-10	-0
8.82132902935e-10	-0
8.82489752815e-10	-0
8.82846602695e-10	-0
8.83203452575e-10	-0
8.83560302455e-10	-0
8.83917152334e-10	-0
8.84274002214e-10	-0
8.84630852094e-10	-0
8.84987701974e-10	-0
8.85344551854e-10	-0
8.85701401734e-10	-0
8.86058251613e-10	-0
8.86415101493e-10	-0
8.86771951373e-10	-0
8.87128801253e-10	-0
8.87485651133e-10	-0
8.87842501013e-10	-0
8.88199350892e-10	-0
8.88556200772e-10	-0
8.88913050652e-10	-0
8.89269900532e-10	-0
8.89626750412e-10	-0
8.89983600291e-10	-0
8.90340450171e-10	-0
8.90697300051e-10	-0
8.91054149931e-10	-0
8.91410999811e-10	-0
8.91767849691e-10	-0
8.9212469957e-10	-0
8.9248154945e-10	-0
8.9283839933e-10	-0
8.9319524921e-10	-0
8.9355209909e-10	-0
8.9390894897e-10	-0
8.94265798849e-10	-0
8.94622648729e-10	-0
8.94979498609e-10	-0
8.95336348489e-10	-0
8.95693198369e-10	-0
8.96050048249e-10	-0
8.96406898128e-10	-0
8.96763748008e-10	-0
8.97120597888e-10	-0
8.97477447768e-10	-0
8.97834297648e-10	-0
8.98191147528e-10	-0
8.98547997407e-10	-0
8.98904847287e-10	-0
8.99261697167e-10	-0
8.99618547047e-10	-0
8.99975396927e-10	-0
9.00332246807e-10	-0
9.00689096686e-10	-0
9.01045946566e-10	-0
9.01402796446e-10	-0
9.01759646326e-10	-0
9.02116496206e-10	-0
9.02473346085e-10	-0
9.02830195965e-10	-0
9.03187045845e-10	-0
9.03543895725e-10	-0
9.03900745605e-10	-0
9.04257595485e-10	-0
9.04614445364e-10	-0
9.04971295244e-10	-0
9.05328145124e-10	-0
9.05684995004e-10	-0
9.06041844884e-10	-0
9.06398694764e-10	-0
9.06755544643e-10	-0
9.07112394523e-10	-0
9.07469244403e-10	-0
9.07826094283e-10	-0
9.08182944163e-10	-0
9.08539794043e-10	-0
9.08896643922e-10	-0
9.09253493802e-10	-0
9.09610343682e-10	-0
9.09967193562e-10	-0
9.10324043442e-10	-0
9.10680893322e-10	-0
9.11037743201e-10	-0
9.11394593081e-10	-0
9.11751442961e-10	-0
9.12108292841e-10	-0
9.12465142721e-10	-0
9.128219926e-10	-0
9.1317884248e-10	-0
9.1353569236e-10	-0
9.1389254224e-10	-0
9.1424939212e-10	-0
9.14606242e-10	-0
9.14963091879e-10	-0
9.15319941759e-10	-0
9.15676791639e-10	-0
9.16033641519e-10	-0
9.16390491399e-10	-0
9.16747341279e-10	-0
9.17104191158e-10	-0
9.17461041038e-10	-0
9.17817890918e-10	-0
9.18174740798e-10	-0
9.18531590678e-10	-0
9.18888440558e-10	-0
9.19245290437e-10	-0
9.19602140317e-10	-0
9.19958990197e-10	-0
9.20315840077e-10	-0
9.20672689957e-10	-0
9.21029539837e-10	-0
9.21386389716e-10	-0
9.21743239596e-10	-0
9.22100089476e-10	-0
9.22456939356e-10	-0
9.22813789236e-10	-0
9.23170639116e-10	-0
9.23527488995e-10	-0
9.23884338875e-10	-0
9.24241188755e-10	-0
9.24598038635e-10	-0
9.24954888515e-10	-0
9.25311738394e-10	-0
9.25668588274e-10	-0
9.26025438154e-10	-0
9.26382288034e-10	-0
9.26739137914e-10	-0
9.27095987794e-10	-0
9.27452837673e-10	-0
9.27809687553e-10	-0
9.28166537433e-10	-0
9.28523387313e-10	-0
9.28880237193e-10	-0
9.29237087073e-10	-0
9.29593936952e-10	-0
9.29950786832e-10	-0
9.30307636712e-10	-0
9.30664486592e-10	-0
9.31021336472e-10	-0
9.31378186352e-10	-0
9.31735036231e-10	-0
9.32091886111e-10	-0
9.32448735991e-10	-0
9.32805585871e-10	-0
9.33162435751e-10	-0
9.33519285631e-10	-0
9.3387613551e-10	-0
9.3423298539e-10	-0
9.3458983527e-10	-0
9.3494668515e-10	-0
9.3530353503e-10	-0
9.3566038491e-10	-0
9.36017234789e-10	-0
9.36374084669e-10	-0
9.36730934549e-10	-0
9.37087784429e-10	-0
9.37444634309e-10	-0
9.37801484188e-10	-0
9.38158334068e-10	-0
9.38515183948e-10	-0
9.38872033828e-10	-0
9.39228883708e-10	-0
9.39585733588e-10	-0
9.39942583467e-10	-0
9.40299433347e-10	-0
9.40656283227e-10	-0
9.41013133107e-10	-0
9.41369982987e-10	-0
9.41726832867e-10	-0
9.42083682746e-10	-0
9.42440532626e-10	-0
9.42797382506e-10	-0
9.43154232386e-10	-0
9.43511082266e-10	-0
9.43867932146e-10	-0
9.44224782025e-10	-0
9.44581631905e-10	-0
9.44938481785e-10	-0
9.45295331665e-10	-0
9.45652181545e-10	-0
9.46009031425e-10	-0
9.46365881304e-10	-0
9.46722731184e-10	-0
9.47079581064e-10	-0
9.47436430944e-10	-0
9.47793280824e-10	-0
9.48150130703e-10	-0
9.48506980583e-10	-0
9.48863830463e-10	-0
9.49220680343e-10	-0
9.49577530223e-10	-0
9.49934380103e-10	-0
9.50291229982e-10	-0
9.50648079862e-10	-0
9.51004929742e-10	-0
9.51361779622e-10	-0
9.51718629502e-10	-0
9.52075479382e-10	-0
9.52432329261e-10	-0
9.52789179141e-10	-0
9.53146029021e-10	-0
9.53502878901e-10	-0
9.53859728781e-10	-0
9.54216578661e-10	-0
9.5457342854e-10	-0
9.5493027842e-10	-0
9.552871283e-10	-0
9.5564397818e-10	-0
9.5600082806e-10	-0
9.5635767794e-10	-0
9.56714527819e-10	-0
9.57071377699e-10	-0
9.57428227579e-10	-0
9.57785077459e-10	-0
9.58141927339e-10	-0
9.58498777219e-10	-0
9.58855627098e-10	-0
9.59212476978e-10	-0
9.59569326858e-10	-0
9.59926176738e-10	-0
9.60283026618e-10	-0
9.60639876497e-10	-0
9.60996726377e-10	-0
9.61353576257e-10	-0
9.61710426137e-10	-0
9.62067276017e-10	-0
9.62424125897e-10	-0
9.62780975776e-10	-0
9.63137825656e-10	-0
9.63494675536e-10	-0
9.63851525416e-10	-0
9.64208375296e-10	-0
9.64565225176e-10	-0
9.64922075055e-10	-0
9.65278924935e-10	-0
9.65635774815e-10	-0
9.65992624695e-10	-0
9.66349474575e-10	-0
9.66706324455e-10	-0
9.67063174334e-10	-0
9.67420024214e-10	-0
9.67776874094e-10	-0
9.68133723974e-10	-0
9.68490573854e-10	-0
9.68847423734e-10	-0
9.69204273613e-10	-0
9.69561123493e-10	-0
9.69917973373e-10	-0
9.70274823253e-10	-0
9.70631673133e-10	-0
9.70988523012e-10	-0
9.71345372892e-10	-0
9.71702222772e-10	-0
9.72059072652e-10	-0
9.72415922532e-10	-0
9.72772772412e-10	-0
9.73129622291e-10	-0
9.73486472171e-10	-0
9.73843322051e-10	-0
9.74200171931e-10	-0
9.74557021811e-10	-0
9.74913871691e-10	-0
9.7527072157e-10	-0
9.7562757145e-10	-0
9.7598442133e-10	-0
9.7634127121e-10	-0
9.7669812109e-10	-0
9.7705497097e-10	-0
9.77411820849e-10	-0
9.77768670729e-10	-0
9.78125520609e-10	-0
9.78482370489e-10	-0
9.78839220369e-10	-0
9.79196070249e-10	-0
9.79552920128e-10	-0
9.79909770008e-10	-0
9.80266619888e-10	-0
9.80623469768e-10	-0
9.80980319648e-10	-0
9.81337169528e-10	-0
9.81694019407e-10	-0
9.82050869287e-10	-0
9.82407719167e-10	-0
9.82764569047e-10	-0
9.83121418927e-10	-0
9.83478268806e-10	-0
9.83835118686e-10	-0
9.84191968566e-10	-0
9.84548818446e-10	-0
9.84905668326e-10	-0
9.85262518206e-10	-0
9.85619368085e-10	-0
9.85976217965e-10	-0
9.86333067845e-10	-0
9.86689917725e-10	-0
9.87046767605e-10	-0
9.87403617485e-10	-0
9.87760467364e-10	-0
9.88117317244e-10	-0
9.88474167124e-10	-0
9.88831017004e-10	-0
9.89187866884e-10	-0
9.89544716764e-10	-0
9.89901566643e-10	-0
9.90258416523e-10	-0
9.90615266403e-10	-0
9.90972116283e-10	-0
9.91328966163e-10	-0
9.91685816043e-10	-0
9.92042665922e-10	-0
9.92399515802e-10	-0
9.92756365682e-10	-0
9.93113215562e-10	-0
9.93470065442e-10	-0
9.93826915321e-10	-0
9.94183765201e-10	-0
9.94540615081e-10	-0
9.94897464961e-10	-0
9.95254314841e-10	-0
9.95611164721e-10	-0
9.959680146e-10	-0
9.9632486448e-10	-0
9.9668171436e-10	-0
9.9703856424e-10	-0
9.9739541412e-10	-0
9.97752264e-10	-0
9.98109113879e-10	-0
9.98465963759e-10	-0
9.98822813639e-10	-0
9.99179663519e-10	-0
9.99536513399e-10	-0
9.99893363279e-10	-0
1.00025021316e-09	-0
1.00060706304e-09	-0
1.00096391292e-09	-0
1.0013207628e-09	-0
1.00167761268e-09	-0
1.00203446256e-09	-0
1.00239131244e-09	-0
1.00274816232e-09	-0
1.0031050122e-09	-0
1.00346186208e-09	-0
1.00381871196e-09	-0
1.00417556184e-09	-0
1.00453241172e-09	-0
1.0048892616e-09	-0
1.00524611148e-09	-0
1.00560296136e-09	-0
1.00595981124e-09	-0
1.00631666112e-09	-0
1.006673511e-09	-0
1.00703036088e-09	-0
1.00738721075e-09	-0
1.00774406063e-09	-0
1.00810091051e-09	-0
1.00845776039e-09	-0
1.00881461027e-09	-0
1.00917146015e-09	-0
1.00952831003e-09	-0
1.00988515991e-09	-0
1.01024200979e-09	-0
1.01059885967e-09	-0
1.01095570955e-09	-0
1.01131255943e-09	-0
1.01166940931e-09	-0
1.01202625919e-09	-0
1.01238310907e-09	-0
1.01273995895e-09	-0
1.01309680883e-09	-0
1.01345365871e-09	-0
1.01381050859e-09	-0
1.01416735847e-09	-0
1.01452420835e-09	-0
1.01488105823e-09	-0
1.01523790811e-09	-0
1.01559475799e-09	-0
1.01595160787e-09	-0
1.01630845775e-09	-0
1.01666530763e-09	-0
1.01702215751e-09	-0
1.01737900739e-09	-0
1.01773585727e-09	-0
1.01809270715e-09	-0
1.01844955703e-09	-0
1.01880640691e-09	-0
1.01916325679e-09	-0
1.01952010667e-09	-0
1.01987695655e-09	-0
1.02023380643e-09	-0
1.02059065631e-09	-0
1.02094750619e-09	-0
1.02130435607e-09	-0
1.02166120595e-09	-0
1.02201805583e-09	-0
1.02237490571e-09	-0
1.02273175559e-09	-0
1.02308860547e-09	-0
1.02344545535e-09	-0
1.02380230523e-09	-0
1.02415915511e-09	-0
1.02451600499e-09	-0
1.02487285487e-09	-0
1.02522970475e-09	-0
1.02558655463e-09	-0
1.02594340451e-09	-0
1.02630025439e-09	-0
1.02665710427e-09	-0
1.02701395415e-09	-0
1.02737080403e-09	-0
1.02772765391e-09	-0
1.02808450379e-09	-0
1.02844135366e-09	-0
1.02879820354e-09	-0
1.02915505342e-09	-0
1.0295119033e-09	-0
1.02986875318e-09	-0
1.03022560306e-09	-0
1.03058245294e-09	-0
1.03093930282e-09	-0
1.0312961527e-09	-0
1.03165300258e-09	-0
1.03200985246e-09	-0
1.03236670234e-09	-0
1.03272355222e-09	-0
1.0330804021e-09	-0
1.03343725198e-09	-0
1.03379410186e-09	-0
1.03415095174e-09	-0
1.03450780162e-09	-0
1.0348646515e-09	-0
1.03522150138e-09	-0
1.03557835126e-09	-0
1.03593520114e-09	-0
1.03629205102e-09	-0
1.0366489009e-09	-0
1.03700575078e-09	-0
1.03736260066e-09	-0
1.03771945054e-09	-0
1.03807630042e-09	-0
1.0384331503e-09	-0
1.03879000018e-09	-0
1.03914685006e-09	-0
1.03950369994e-09	-0
1.03986054982e-09	-0
1.0402173997e-09	-0
1.04057424958e-09	-0
1.04093109946e-09	-0
1.04128794934e-09	-0
1.04164479922e-09	-0
1.0420016491e-09	-0
1.04235849898e-09	-0
1.04271534886e-09	-0
1.04307219874e-09	-0
1.04342904862e-09	-0
1.0437858985e-09	-0
1.04414274838e-09	-0
1.04449959826e-09	-0
1.04485644814e-09	-0
1.04521329802e-09	-0
1.0455701479e-09	-0
1.04592699778e-09	-0
1.04628384766e-09	-0
1.04664069754e-09	-0
1.04699754742e-09	-0
1.0473543973e-09	-0
1.04771124718e-09	-0
1.04806809706e-09	-0
1.04842494694e-09	-0
1.04878179682e-09	-0
1.04913864669e-09	-0
1.04949549657e-09	-0
1.04985234645e-09	-0
1.05020919633e-09	-0
1.05056604621e-09	-0
1.05092289609e-09	-0
1.05127974597e-09	-0
1.05163659585e-09	-0
1.05199344573e-09	-0
1.05235029561e-09	-0
1.05270714549e-09	-0
1.05306399537e-09	-0
1.05342084525e-09	-0
1.05377769513e-09	-0
1.05413454501e-09	-0
1.05449139489e-09	-0
1.05484824477e-09	-0
1.05520509465e-09	-0
1.05556194453e-09	-0
1.05591879441e-09	-0
1.05627564429e-09	-0
1.05663249417e-09	-0
1.05698934405e-09	-0
1.05734619393e-09	-0
1.05770304381e-09	-0
1.05805989369e-09	-0
1.05841674357e-09	-0
1.05877359345e-09	-0
1.05913044333e-09	-0
1.05948729321e-09	-0
1.05984414309e-09	-0
1.06020099297e-09	-0
1.06055784285e-09	-0
1.06091469273e-09	-0
1.06127154261e-09	-0
1.06162839249e-09	-0
1.06198524237e-09	-0
1.06234209225e-09	-0
1.06269894213e-09	-0
1.06305579201e-09	-0
1.06341264189e-09	-0
1.06376949177e-09	-0
1.06412634165e-09	-0
1.06448319153e-09	-0
1.06484004141e-09	-0
1.06519689129e-09	-0
1.06555374117e-09	-0
1.06591059105e-09	-0
1.06626744093e-09	-0
1.06662429081e-09	-0
1.06698114069e-09	-0
1.06733799057e-09	-0
1.06769484045e-09	-0
1.06805169033e-09	-0
1.06840854021e-09	-0
1.06876539009e-09	-0
1.06912223997e-09	-0
1.06947908985e-09	-0
1.06983593972e-09	-0
1.0701927896e-09	-0
1.07054963948e-09	-0
1.07090648936e-09	-0
1.07126333924e-09	-0
1.07162018912e-09	-0
1.071977039e-09	-0
1.07233388888e-09	-0
1.07269073876e-09	-0
1.07304758864e-09	-0
1.07340443852e-09	-0
1.0737612884e-09	-0
1.07411813828e-09	-0
1.07447498816e-09	-0
1.07483183804e-09	-0
1.07518868792e-09	-0
1.0755455378e-09	-0
1.07590238768e-09	-0
1.07625923756e-09	-0
1.07661608744e-09	-0
1.07697293732e-09	-0
1.0773297872e-09	-0
1.07768663708e-09	-0
1.07804348696e-09	-0
1.07840033684e-09	-0
1.07875718672e-09	-0
1.0791140366e-09	-0
1.07947088648e-09	-0
1.07982773636e-09	-0
1.08018458624e-09	-0
1.08054143612e-09	-0
1.080898286e-09	-0
1.08125513588e-09	-0
1.08161198576e-09	-0
1.08196883564e-09	-0
1.08232568552e-09	-0
1.0826825354e-09	-0
1.08303938528e-09	-0
1.08339623516e-09	-0
1.08375308504e-09	-0
1.08410993492e-09	-0
1.0844667848e-09	-0
1.08482363468e-09	-0
1.08518048456e-09	-0
1.08553733444e-09	-0
1.08589418432e-09	-0
1.0862510342e-09	-0
1.08660788408e-09	-0
1.08696473396e-09	-0
1.08732158384e-09	-0
1.08767843372e-09	-0
1.0880352836e-09	-0
1.08839213348e-09	-0
1.08874898336e-09	-0
1.08910583324e-09	-0
1.08946268312e-09	-0
1.089819533e-09	-0
1.09017638288e-09	-0
1.09053323275e-09	-0
1.09089008263e-09	-0
1.09124693251e-09	-0
1.09160378239e-09	-0
1.09196063227e-09	-0
1.09231748215e-09	-0
1.09267433203e-09	-0
1.09303118191e-09	-0
1.09338803179e-09	-0
1.09374488167e-09	-0
1.09410173155e-09	-0
1.09445858143e-09	-0
1.09481543131e-09	-0
1.09517228119e-09	-0
1.09552913107e-09	-0
1.09588598095e-09	-0
1.09624283083e-09	-0
1.09659968071e-09	-0
1.09695653059e-09	-0
1.09731338047e-09	-0
1.09767023035e-09	-0
1.09802708023e-09	-0
1.09838393011e-09	-0
1.09874077999e-09	-0
1.09909762987e-09	-0
1.09945447975e-09	-0
1.09981132963e-09	-0
1.10016817951e-09	-0
1.10052502939e-09	-0
1.10088187927e-09	-0
1.10123872915e-09	-0
1.10159557903e-09	-0
1.10195242891e-09	-0
1.10230927879e-09	-0
1.10266612867e-09	-0
1.10302297855e-09	-0
1.10337982843e-09	-0
1.10373667831e-09	-0
1.10409352819e-09	-0
1.10445037807e-09	-0
1.10480722795e-09	-0
1.10516407783e-09	-0
1.10552092771e-09	-0
1.10587777759e-09	-0
1.10623462747e-09	-0
1.10659147735e-09	-0
1.10694832723e-09	-0
1.10730517711e-09	-0
1.10766202699e-09	-0
1.10801887687e-09	-0
1.10837572675e-09	-0
1.10873257663e-09	-0
1.10908942651e-09	-0
1.10944627639e-09	-0
1.10980312627e-09	-0
1.11015997615e-09	-0
1.11051682603e-09	-0
1.11087367591e-09	-0
1.11123052578e-09	-0
1.11158737566e-09	-0
1.11194422554e-09	-0
1.11230107542e-09	-0
1.1126579253e-09	-0
1.11301477518e-09	-0
1.11337162506e-09	-0
1.11372847494e-09	-0
1.11408532482e-09	-0
1.1144421747e-09	-0
1.11479902458e-09	-0
1.11515587446e-09	-0
1.11551272434e-09	-0
1.11586957422e-09	-0
1.1162264241e-09	-0
1.11658327398e-09	-0
1.11694012386e-09	-0
1.11729697374e-09	-0
1.11765382362e-09	-0
1.1180106735e-09	-0
1.11836752338e-09	-0
1.11872437326e-09	-0
1.11908122314e-09	-0
1.11943807302e-09	-0
1.1197949229e-09	-0
1.12015177278e-09	-0
1.12050862266e-09	-0
1.12086547254e-09	-0
1.12122232242e-09	-0
1.1215791723e-09	-0
1.12193602218e-09	-0
1.12229287206e-09	-0
1.12264972194e-09	-0
1.12300657182e-09	-0
1.1233634217e-09	-0
1.12372027158e-09	-0
1.12407712146e-09	-0
1.12443397134e-09	-0
1.12479082122e-09	-0
1.1251476711e-09	-0
1.12550452098e-09	-0
1.12586137086e-09	-0
1.12621822074e-09	-0
1.12657507062e-09	-0
1.1269319205e-09	-0
1.12728877038e-09	-0
1.12764562026e-09	-0
1.12800247014e-09	-0
1.12835932002e-09	-0
1.1287161699e-09	-0
1.12907301978e-09	-0
1.12942986966e-09	-0
1.12978671954e-09	-0
1.13014356942e-09	-0
1.1305004193e-09	-0
1.13085726918e-09	-0
1.13121411906e-09	-0
1.13157096894e-09	-0
1.13192781882e-09	-0
1.13228466869e-09	-0
1.13264151857e-09	-0
1.13299836845e-09	-0
1.13335521833e-09	-0
1.13371206821e-09	-0
1.13406891809e-09	-0
1.13442576797e-09	-0
1.13478261785e-09	-0
1.13513946773e-09	-0
1.13549631761e-09	-0
1.13585316749e-09	-0
1.13621001737e-09	-0
1.13656686725e-09	-0
1.13692371713e-09	-0
1.13728056701e-09	-0
1.13763741689e-09	-0
1.13799426677e-09	-0
1.13835111665e-09	-0
1.13870796653e-09	-0
1.13906481641e-09	-0
1.13942166629e-09	-0
1.13977851617e-09	-0
1.14013536605e-09	-0
1.14049221593e-09	-0
1.14084906581e-09	-0
1.14120591569e-09	-0
1.14156276557e-09	-0
1.14191961545e-09	-0
1.14227646533e-09	-0
1.14263331521e-09	-0
1.14299016509e-09	-0
1.14334701497e-09	-0
1.14370386485e-09	-0
1.14406071473e-09	-0
1.14441756461e-09	-0
1.14477441449e-09	-0
1.14513126437e-09	-0
1.14548811425e-09	-0
1.14584496413e-09	-0
1.14620181401e-09	-0
1.14655866389e-09	-0
1.14691551377e-09	-0
1.14727236365e-09	-0
1.14762921353e-09	-0
1.14798606341e-09	-0
1.14834291329e-09	-0
1.14869976317e-09	-0
1.14905661305e-09	-0
1.14941346293e-09	-0
1.14977031281e-09	-0
1.15012716269e-09	-0
1.15048401257e-09	-0
1.15084086245e-09	-0
1.15119771233e-09	-0
1.15155456221e-09	-0
1.15191141209e-09	-0
1.15226826197e-09	-0
1.15262511185e-09	-0
1.15298196172e-09	-0
1.1533388116e-09	-0
1.15369566148e-09	-0
1.15405251136e-09	-0
1.15440936124e-09	-0
1.15476621112e-09	-0
1.155123061e-09	-0
1.15547991088e-09	-0
1.15583676076e-09	-0
1.15619361064e-09	-0
1.15655046052e-09	-0
1.1569073104e-09	-0
1.15726416028e-09	-0
1.15762101016e-09	-0
1.15797786004e-09	-0
1.15833470992e-09	-0
1.1586915598e-09	-0
1.15904840968e-09	-0
1.15940525956e-09	-0
1.15976210944e-09	-0
1.16011895932e-09	-0
1.1604758092e-09	-0
1.16083265908e-09	-0
1.16118950896e-09	-0
1.16154635884e-09	-0
1.16190320872e-09	-0
1.1622600586e-09	-0
1.16261690848e-09	-0
1.16297375836e-09	-0
1.16333060824e-09	-0
1.16368745812e-09	-0
1.164044308e-09	-0
1.16440115788e-09	-0
1.16475800776e-09	-0
1.16511485764e-09	-0
1.16547170752e-09	-0
1.1658285574e-09	-0
1.16618540728e-09	-0
1.16654225716e-09	-0
1.16689910704e-09	-0
1.16725595692e-09	-0
1.1676128068e-09	-0
1.16796965668e-09	-0
1.16832650656e-09	-0
1.16868335644e-09	-0
1.16904020632e-09	-0
1.1693970562e-09	-0
1.16975390608e-09	-0
1.17011075596e-09	-0
1.17046760584e-09	-0
1.17082445572e-09	-0
1.1711813056e-09	-0
1.17153815548e-09	-0
1.17189500536e-09	-0
1.17225185524e-09	-0
1.17260870512e-09	-0
1.172965555e-09	-0
1.17332240488e-09	-0
1.17367925475e-09	-0
1.17403610463e-09	-0
1.17439295451e-09	-0
1.17474980439e-09	-0
1.17510665427e-09	-0
1.17546350415e-09	-0
1.17582035403e-09	-0
1.17617720391e-09	-0
1.17653405379e-09	-0
1.17689090367e-09	-0
1.17724775355e-09	-0
1.17760460343e-09	-0
1.17796145331e-09	-0
1.17831830319e-09	-0
1.17867515307e-09	-0
1.17903200295e-09	-0
1.17938885283e-09	-0
1.17974570271e-09	-0
1.18010255259e-09	-0
1.18045940247e-09	-0
1.18081625235e-09	-0
1.18117310223e-09	-0
1.18152995211e-09	-0
1.18188680199e-09	-0
1.18224365187e-09	-0
1.18260050175e-09	-0
1.18295735163e-09	-0
1.18331420151e-09	-0
1.18367105139e-09	-0
1.18402790127e-09	-0
1.18438475115e-09	-0
1.18474160103e-09	-0
1.18509845091e-09	-0
1.18545530079e-09	-0
1.18581215067e-09	-0
1.18616900055e-09	-0
1.18652585043e-09	-0
1.18688270031e-09	-0
1.18723955019e-09	-0
1.18759640007e-09	-0
1.18795324995e-09	-0
1.18831009983e-09	-0
1.18866694971e-09	-0
1.18902379959e-09	-0
1.18938064947e-09	-0
1.18973749935e-09	-0
1.19009434923e-09	-0
1.19045119911e-09	-0
1.19080804899e-09	-0
1.19116489887e-09	-0
1.19152174875e-09	-0
1.19187859863e-09	-0
1.19223544851e-09	-0
1.19259229839e-09	-0
1.19294914827e-09	-0
1.19330599815e-09	-0
1.19366284803e-09	-0
1.19401969791e-09	-0
1.19437654778e-09	-0
1.19473339766e-09	-0
1.19509024754e-09	-0
1.19544709742e-09	-0
1.1958039473e-09	-0
1.19616079718e-09	-0
1.19651764706e-09	-0
1.19687449694e-09	-0
1.19723134682e-09	-0
1.1975881967e-09	-0
1.19794504658e-09	-0
1.19830189646e-09	-0
1.19865874634e-09	-0
1.19901559622e-09	-0
1.1993724461e-09	-0
1.19972929598e-09	-0
1.20008614586e-09	-0
1.20044299574e-09	-0
1.20079984562e-09	-0
1.2011566955e-09	-0
1.20151354538e-09	-0
1.20187039526e-09	-0
1.20222724514e-09	-0
1.20258409502e-09	-0
1.2029409449e-09	-0
1.20329779478e-09	-0
1.20365464466e-09	-0
1.20401149454e-09	-0
1.20436834442e-09	-0
1.2047251943e-09	-0
1.20508204418e-09	-0
1.20543889406e-09	-0
1.20579574394e-09	-0
1.20615259382e-09	-0
1.2065094437e-09	-0
1.20686629358e-09	-0
1.20722314346e-09	-0
1.20757999334e-09	-0
1.20793684322e-09	-0
1.2082936931e-09	-0
1.20865054298e-09	-0
1.20900739286e-09	-0
1.20936424274e-09	-0
1.20972109262e-09	-0
1.2100779425e-09	-0
1.21043479238e-09	-0
1.21079164226e-09	-0
1.21114849214e-09	-0
1.21150534202e-09	-0
1.2118621919e-09	-0
1.21221904178e-09	-0
1.21257589166e-09	-0
1.21293274154e-09	-0
1.21328959142e-09	-0
1.2136464413e-09	-0
1.21400329118e-09	-0
1.21436014106e-09	-0
1.21471699094e-09	-0
1.21507384081e-09	-0
1.21543069069e-09	-0
1.21578754057e-09	-0
1.21614439045e-09	-0
1.21650124033e-09	-0
1.21685809021e-09	-0
1.21721494009e-09	-0
1.21757178997e-09	-0
1.21792863985e-09	-0
1.21828548973e-09	-0
1.21864233961e-09	-0
1.21899918949e-09	-0
1.21935603937e-09	-0
1.21971288925e-09	-0
1.22006973913e-09	-0
1.22042658901e-09	-0
1.22078343889e-09	-0
1.22114028877e-09	-0
1.22149713865e-09	-0
1.22185398853e-09	-0
1.22221083841e-09	-0
1.22256768829e-09	-0
1.22292453817e-09	-0
1.22328138805e-09	-0
1.22363823793e-09	-0
1.22399508781e-09	-0
1.22435193769e-09	-0
1.22470878757e-09	-0
1.22506563745e-09	-0
1.22542248733e-09	-0
1.22577933721e-09	-0
1.22613618709e-09	-0
1.22649303697e-09	-0
1.22684988685e-09	-0
1.22720673673e-09	-0
1.22756358661e-09	-0
1.22792043649e-09	-0
1.22827728637e-09	-0
1.22863413625e-09	-0
1.22899098613e-09	-0
1.22934783601e-09	-0
1.22970468589e-09	-0
1.23006153577e-09	-0
1.23041838565e-09	-0
1.23077523553e-09	-0
1.23113208541e-09	-0
1.23148893529e-09	-0
1.23184578517e-09	-0
1.23220263505e-09	-0
1.23255948493e-09	-0
1.23291633481e-09	-0
1.23327318469e-09	-0
1.23363003457e-09	-0
1.23398688445e-09	-0
1.23434373433e-09	-0
1.23470058421e-09	-0
1.23505743409e-09	-0
