% time-domain current integration by openEMS v0.0.35-108-gc651cce @Fri Mar 14 13:53:30 2025
% start-coordinates: (-6.4535e-05,-2.63165e-05,0.00016438) m -> [18,40,46]
% stop-coordinates: (-6.4535e-05,-2.302e-05,0.00016798) m -> [18,47,57]
% t/s	current
2.80542358355e-16	0
3.57130422187e-13	0
7.13980302015e-13	0
1.07083018184e-12	0
1.42768006167e-12	0
1.7845299415e-12	0
2.14137982133e-12	0
2.49822970116e-12	0
2.85507958098e-12	0
3.21192946081e-12	0
3.56877934064e-12	0
3.92562922047e-12	0
4.2824791003e-12	0
4.63932898012e-12	0
4.99617885995e-12	0
5.35302873978e-12	0
5.70987861961e-12	0
6.06672849944e-12	0
6.42357837927e-12	0
6.78042825909e-12	0
7.13727813892e-12	0
7.49412801875e-12	0
7.85097789858e-12	0
8.20782777841e-12	0
8.56467765823e-12	0
8.92152753806e-12	0
9.27837741789e-12	0
9.63522729772e-12	0
9.99207717755e-12	0
1.03489270574e-11	0
1.07057769372e-11	0
1.1062626817e-11	0
1.14194766969e-11	0
1.17763265767e-11	0
1.21331764565e-11	0
1.24900263363e-11	0
1.28468762162e-11	0
1.3203726096e-11	0
1.35605759758e-11	0
1.39174258557e-11	0
1.42742757355e-11	0
1.46311256153e-11	0
1.49879754951e-11	0
1.5344825375e-11	0
1.57016752548e-11	0
1.60585251346e-11	0
1.64153750145e-11	0
1.67722248943e-11	0
1.71290747741e-11	0
1.74859246539e-11	0
1.78427745338e-11	0
1.81996244136e-11	0
1.85564742934e-11	0
1.89133241733e-11	0
1.92701740531e-11	0
1.96270239329e-11	0
1.99838738127e-11	0
2.03407236926e-11	0
2.06975735724e-11	0
2.10544234522e-11	0
2.1411273332e-11	0
2.17681232119e-11	0
2.21249730917e-11	0
2.24818229715e-11	0
2.28386728514e-11	0
2.31955227312e-11	0
2.3552372611e-11	0
2.39092224908e-11	0
2.42660723707e-11	0
2.46229222505e-11	0
2.49797721303e-11	0
2.53366220102e-11	0
2.569347189e-11	0
2.60503217698e-11	0
2.64071716496e-11	0
2.67640215295e-11	0
2.71208714093e-11	0
2.74777212891e-11	0
2.7834571169e-11	0
2.81914210488e-11	0
2.85482709286e-11	0
2.89051208084e-11	0
2.92619706883e-11	0
2.96188205681e-11	0
2.99756704479e-11	0
3.03325203278e-11	0
3.06893702076e-11	0
3.10462200874e-11	0
3.14030699672e-11	0
3.17599198471e-11	0
3.21167697269e-11	0
3.24736196067e-11	0
3.28304694866e-11	0
3.31873193664e-11	0
3.35441692462e-11	0
3.3901019126e-11	0
3.42578690059e-11	0
3.46147188857e-11	0
3.49715687655e-11	0
3.53284186453e-11	0
3.56852685252e-11	0
3.6042118405e-11	0
3.63989682848e-11	0
3.67558181647e-11	0
3.71126680445e-11	0
3.74695179243e-11	0
3.78263678041e-11	0
3.8183217684e-11	0
3.85400675638e-11	0
3.88969174436e-11	0
3.92537673235e-11	0
3.96106172033e-11	0
3.99674670831e-11	0
4.03243169629e-11	0
4.06811668428e-11	0
4.10380167226e-11	0
4.13948666024e-11	0
4.17517164823e-11	0
4.21085663621e-11	0
4.24654162419e-11	0
4.28222661217e-11	0
4.31791160016e-11	0
4.35359658814e-11	0
4.38928157612e-11	0
4.42496656411e-11	0
4.46065155209e-11	0
4.49633654007e-11	0
4.53202152805e-11	0
4.56770651604e-11	0
4.60339150402e-11	0
4.639076492e-11	0
4.67476147999e-11	0
4.71044646797e-11	0
4.74613145595e-11	0
4.78181644393e-11	0
4.81750143192e-11	0
4.8531864199e-11	0
4.88887140788e-11	0
4.92455639586e-11	0
4.96024138385e-11	0
4.99592637183e-11	0
5.03161135981e-11	0
5.0672963478e-11	0
5.10298133578e-11	0
5.13866632376e-11	0
5.17435131174e-11	0
5.21003629973e-11	0
5.24572128771e-11	0
5.28140627569e-11	0
5.31709126368e-11	0
5.35277625166e-11	0
5.38846123964e-11	0
5.42414622762e-11	0
5.45983121561e-11	0
5.49551620359e-11	0
5.53120119157e-11	0
5.56688617956e-11	0
5.60257116754e-11	0
5.63825615552e-11	0
5.6739411435e-11	0
5.70962613149e-11	0
5.74531111947e-11	0
5.78099610745e-11	0
5.81668109544e-11	0
5.85236608342e-11	0
5.8880510714e-11	0
5.92373605938e-11	0
5.95942104737e-11	0
5.99510603535e-11	0
6.03079102333e-11	0
6.06647601131e-11	0
6.1021609993e-11	0
6.13784598728e-11	0
6.17353097526e-11	0
6.20921596325e-11	0
6.24490095123e-11	0
6.28058593921e-11	0
6.31627092719e-11	0
6.35195591518e-11	0
6.38764090316e-11	0
6.42332589114e-11	0
6.45901087913e-11	0
6.49469586711e-11	0
6.53038085509e-11	0
6.56606584307e-11	0
6.60175083106e-11	0
6.63743581904e-11	0
6.67312080702e-11	0
6.70880579501e-11	0
6.74449078299e-11	0
6.78017577097e-11	0
6.81586075895e-11	0
6.85154574694e-11	0
6.88723073492e-11	0
6.9229157229e-11	0
6.95860071089e-11	0
6.99428569887e-11	0
7.02997068685e-11	0
7.06565567483e-11	0
7.10134066282e-11	0
7.1370256508e-11	0
7.17271063878e-11	0
7.20839562677e-11	0
7.24408061475e-11	0
7.27976560273e-11	0
7.31545059071e-11	0
7.3511355787e-11	0
7.38682056668e-11	0
7.42250555466e-11	0
7.45819054264e-11	0
7.49387553063e-11	0
7.52956051861e-11	0
7.56524550659e-11	0
7.60093049458e-11	0
7.63661548256e-11	0
7.67230047054e-11	0
7.70798545852e-11	0
7.74367044651e-11	0
7.77935543449e-11	0
7.81504042247e-11	0
7.85072541046e-11	0
7.88641039844e-11	0
7.92209538642e-11	0
7.9577803744e-11	0
7.99346536239e-11	0
8.02915035037e-11	0
8.06483533835e-11	0
8.10052032634e-11	0
8.13620531432e-11	0
8.1718903023e-11	0
8.20757529028e-11	0
8.24326027827e-11	0
8.27894526625e-11	0
8.31463025423e-11	0
8.35031524222e-11	0
8.3860002302e-11	0
8.42168521818e-11	0
8.45737020616e-11	0
8.49305519415e-11	0
8.52874018213e-11	0
8.56442517011e-11	0
8.6001101581e-11	0
8.63579514608e-11	0
8.67148013406e-11	0
8.70716512204e-11	0
8.74285011003e-11	0
8.77853509801e-11	0
8.81422008599e-11	0
8.84990507397e-11	0
8.88559006196e-11	0
8.92127504994e-11	0
8.95696003792e-11	0
8.99264502591e-11	0
9.02833001389e-11	0
9.06401500187e-11	0
9.09969998985e-11	0
9.13538497784e-11	0
9.17106996582e-11	0
9.2067549538e-11	0
9.24243994179e-11	0
9.27812492977e-11	0
9.31380991775e-11	0
9.34949490573e-11	0
9.38517989372e-11	0
9.4208648817e-11	0
9.45654986968e-11	0
9.49223485767e-11	0
9.52791984565e-11	0
9.56360483363e-11	0
9.59928982161e-11	0
9.6349748096e-11	0
9.67065979758e-11	0
9.70634478556e-11	0
9.74202977355e-11	0
9.77771476153e-11	0
9.81339974951e-11	0
9.84908473749e-11	0
9.88476972548e-11	0
9.92045471346e-11	0
9.95613970144e-11	0
9.99182468943e-11	0
1.00275096774e-10	0
1.00631946654e-10	0
1.00988796534e-10	0
1.01345646414e-10	0
1.01702496293e-10	0
1.02059346173e-10	0
1.02416196053e-10	0
1.02773045933e-10	0
1.03129895813e-10	0
1.03486745693e-10	0
1.03843595572e-10	0
1.04200445452e-10	0
1.04557295332e-10	0
1.04914145212e-10	0
1.05270995092e-10	0
1.05627844972e-10	0
1.05984694851e-10	0
1.06341544731e-10	0
1.06698394611e-10	0
1.07055244491e-10	0
1.07412094371e-10	0
1.0776894425e-10	0
1.0812579413e-10	0
1.0848264401e-10	0
1.0883949389e-10	0
1.0919634377e-10	0
1.0955319365e-10	0
1.09910043529e-10	0
1.10266893409e-10	0
1.10623743289e-10	0
1.10980593169e-10	0
1.11337443049e-10	0
1.11694292929e-10	0
1.12051142808e-10	0
1.12407992688e-10	0
1.12764842568e-10	0
1.13121692448e-10	0
1.13478542328e-10	0
1.13835392208e-10	0
1.14192242087e-10	0
1.14549091967e-10	0
1.14905941847e-10	0
1.15262791727e-10	0
1.15619641607e-10	0
1.15976491487e-10	0
1.16333341366e-10	0
1.16690191246e-10	0
1.17047041126e-10	0
1.17403891006e-10	0
1.17760740886e-10	0
1.18117590765e-10	0
1.18474440645e-10	0
1.18831290525e-10	0
1.19188140405e-10	0
1.19544990285e-10	0
1.19901840165e-10	0
1.20258690044e-10	0
1.20615539924e-10	0
1.20972389804e-10	0
1.21329239684e-10	0
1.21686089564e-10	0
1.22042939444e-10	0
1.22399789323e-10	0
1.22756639203e-10	0
1.23113489083e-10	0
1.23470338963e-10	0
1.23827188843e-10	0
1.24184038723e-10	0
1.24540888602e-10	0
1.24897738482e-10	0
1.25254588362e-10	0
1.25611438242e-10	0
1.25968288122e-10	0
1.26325138002e-10	0
1.26681987881e-10	0
1.27038837761e-10	0
1.27395687641e-10	0
1.27752537521e-10	0
1.28109387401e-10	0
1.28466237281e-10	0
1.2882308716e-10	0
1.2917993704e-10	0
1.2953678692e-10	0
1.298936368e-10	0
1.3025048668e-10	0
1.30607336559e-10	0
1.30964186439e-10	0
1.31321036319e-10	0
1.31677886199e-10	0
1.32034736079e-10	0
1.32391585959e-10	0
1.32748435838e-10	0
1.33105285718e-10	0
1.33462135598e-10	0
1.33818985478e-10	0
1.34175835358e-10	0
1.34532685238e-10	0
1.34889535117e-10	0
1.35246384997e-10	0
1.35603234877e-10	0
1.35960084757e-10	0
1.36316934637e-10	0
1.36673784517e-10	0
1.37030634396e-10	0
1.37387484276e-10	0
1.37744334156e-10	0
1.38101184036e-10	0
1.38458033916e-10	0
1.38814883796e-10	0
1.39171733675e-10	0
1.39528583555e-10	0
1.39885433435e-10	0
1.40242283315e-10	0
1.40599133195e-10	0
1.40955983074e-10	0
1.41312832954e-10	0
1.41669682834e-10	0
1.42026532714e-10	0
1.42383382594e-10	0
1.42740232474e-10	0
1.43097082353e-10	0
1.43453932233e-10	0
1.43810782113e-10	0
1.44167631993e-10	0
1.44524481873e-10	0
1.44881331753e-10	0
1.45238181632e-10	0
1.45595031512e-10	0
1.45951881392e-10	0
1.46308731272e-10	0
1.46665581152e-10	0
1.47022431032e-10	0
1.47379280911e-10	0
1.47736130791e-10	0
1.48092980671e-10	0
1.48449830551e-10	0
1.48806680431e-10	0
1.49163530311e-10	0
1.4952038019e-10	0
1.4987723007e-10	0
1.5023407995e-10	0
1.5059092983e-10	0
1.5094777971e-10	0
1.5130462959e-10	0
1.51661479469e-10	0
1.52018329349e-10	0
1.52375179229e-10	0
1.52732029109e-10	0
1.53088878989e-10	0
1.53445728868e-10	0
1.53802578748e-10	0
1.54159428628e-10	0
1.54516278508e-10	0
1.54873128388e-10	0
1.55229978268e-10	0
1.55586828147e-10	0
1.55943678027e-10	0
1.56300527907e-10	0
1.56657377787e-10	0
1.57014227667e-10	0
1.57371077547e-10	0
1.57727927426e-10	0
1.58084777306e-10	0
1.58441627186e-10	0
1.58798477066e-10	0
1.59155326946e-10	0
1.59512176826e-10	0
1.59869026705e-10	0
1.60225876585e-10	0
1.60582726465e-10	0
1.60939576345e-10	0
1.61296426225e-10	0
1.61653276105e-10	0
1.62010125984e-10	0
1.62366975864e-10	0
1.62723825744e-10	0
1.63080675624e-10	0
1.63437525504e-10	0
1.63794375383e-10	0
1.64151225263e-10	0
1.64508075143e-10	0
1.64864925023e-10	0
1.65221774903e-10	0
1.65578624783e-10	0
1.65935474662e-10	0
1.66292324542e-10	0
1.66649174422e-10	0
1.67006024302e-10	0
1.67362874182e-10	0
1.67719724062e-10	0
1.68076573941e-10	0
1.68433423821e-10	0
1.68790273701e-10	0
1.69147123581e-10	0
1.69503973461e-10	0
1.69860823341e-10	0
1.7021767322e-10	0
1.705745231e-10	0
1.7093137298e-10	0
1.7128822286e-10	0
1.7164507274e-10	0
1.7200192262e-10	0
1.72358772499e-10	0
1.72715622379e-10	0
1.73072472259e-10	0
1.73429322139e-10	0
1.73786172019e-10	0
1.74143021899e-10	0
1.74499871778e-10	0
1.74856721658e-10	0
1.75213571538e-10	0
1.75570421418e-10	0
1.75927271298e-10	0
1.76284121177e-10	0
1.76640971057e-10	0
1.76997820937e-10	0
1.77354670817e-10	0
1.77711520697e-10	0
1.78068370577e-10	0
1.78425220456e-10	0
1.78782070336e-10	0
1.79138920216e-10	0
1.79495770096e-10	0
1.79852619976e-10	0
1.80209469856e-10	0
1.80566319735e-10	0
1.80923169615e-10	0
1.81280019495e-10	0
1.81636869375e-10	0
1.81993719255e-10	0
1.82350569135e-10	0
1.82707419014e-10	0
1.83064268894e-10	0
1.83421118774e-10	0
1.83777968654e-10	0
1.84134818534e-10	0
1.84491668414e-10	0
1.84848518293e-10	0
1.85205368173e-10	0
1.85562218053e-10	0
1.85919067933e-10	0
1.86275917813e-10	0
1.86632767692e-10	0
1.86989617572e-10	0
1.87346467452e-10	0
1.87703317332e-10	0
1.88060167212e-10	0
1.88417017092e-10	0
1.88773866971e-10	0
1.89130716851e-10	0
1.89487566731e-10	0
1.89844416611e-10	0
1.90201266491e-10	0
1.90558116371e-10	0
1.9091496625e-10	0
1.9127181613e-10	0
1.9162866601e-10	0
1.9198551589e-10	0
1.9234236577e-10	0
1.9269921565e-10	0
1.93056065529e-10	0
1.93412915409e-10	0
1.93769765289e-10	0
1.94126615169e-10	0
1.94483465049e-10	0
1.94840314929e-10	0
1.95197164808e-10	0
1.95554014688e-10	0
1.95910864568e-10	0
1.96267714448e-10	0
1.96624564328e-10	0
1.96981414208e-10	0
1.97338264087e-10	0
1.97695113967e-10	0
1.98051963847e-10	0
1.98408813727e-10	0
1.98765663607e-10	0
1.99122513486e-10	0
1.99479363366e-10	0
1.99836213246e-10	0
2.00193063126e-10	0
2.00549913006e-10	0
2.00906762886e-10	0
2.01263612765e-10	0
2.01620462645e-10	0
2.01977312525e-10	0
2.02334162405e-10	0
2.02691012285e-10	0
2.03047862165e-10	0
2.03404712044e-10	0
2.03761561924e-10	0
2.04118411804e-10	0
2.04475261684e-10	0
2.04832111564e-10	0
2.05188961444e-10	0
2.05545811323e-10	0
2.05902661203e-10	0
2.06259511083e-10	0
2.06616360963e-10	0
2.06973210843e-10	0
2.07330060723e-10	0
2.07686910602e-10	0
2.08043760482e-10	0
2.08400610362e-10	0
2.08757460242e-10	0
2.09114310122e-10	0
2.09471160002e-10	0
2.09828009881e-10	0
2.10184859761e-10	0
2.10541709641e-10	0
2.10898559521e-10	0
2.11255409401e-10	0
2.1161225928e-10	0
2.1196910916e-10	0
2.1232595904e-10	0
2.1268280892e-10	0
2.130396588e-10	0
2.1339650868e-10	0
2.13753358559e-10	0
2.14110208439e-10	0
2.14467058319e-10	0
2.14823908199e-10	0
2.15180758079e-10	0
2.15537607959e-10	0
2.15894457838e-10	0
2.16251307718e-10	0
2.16608157598e-10	0
2.16965007478e-10	0
2.17321857358e-10	0
2.17678707238e-10	0
2.18035557117e-10	0
2.18392406997e-10	0
2.18749256877e-10	0
2.19106106757e-10	0
2.19462956637e-10	0
2.19819806517e-10	0
2.20176656396e-10	0
2.20533506276e-10	0
2.20890356156e-10	0
2.21247206036e-10	0
2.21604055916e-10	0
2.21960905795e-10	0
2.22317755675e-10	0
2.22674605555e-10	0
2.23031455435e-10	0
2.23388305315e-10	0
2.23745155195e-10	0
2.24102005074e-10	0
2.24458854954e-10	0
2.24815704834e-10	0
2.25172554714e-10	0
2.25529404594e-10	0
2.25886254474e-10	0
2.26243104353e-10	0
2.26599954233e-10	0
2.26956804113e-10	0
2.27313653993e-10	0
2.27670503873e-10	0
2.28027353753e-10	0
2.28384203632e-10	0
2.28741053512e-10	0
2.29097903392e-10	0
2.29454753272e-10	0
2.29811603152e-10	0
2.30168453032e-10	0
2.30525302911e-10	0
2.30882152791e-10	0
2.31239002671e-10	0
2.31595852551e-10	0
2.31952702431e-10	0
2.32309552311e-10	0
2.3266640219e-10	0
2.3302325207e-10	0
2.3338010195e-10	0
2.3373695183e-10	0
2.3409380171e-10	0
2.34450651589e-10	0
2.34807501469e-10	0
2.35164351349e-10	0
2.35521201229e-10	0
2.35878051109e-10	0
2.36234900989e-10	0
2.36591750868e-10	0
2.36948600748e-10	0
2.37305450628e-10	0
2.37662300508e-10	0
2.38019150388e-10	0
2.38376000268e-10	0
2.38732850147e-10	0
2.39089700027e-10	0
2.39446549907e-10	0
2.39803399787e-10	0
2.40160249667e-10	0
2.40517099547e-10	0
2.40873949426e-10	0
2.41230799306e-10	0
2.41587649186e-10	0
2.41944499066e-10	0
2.42301348946e-10	0
2.42658198826e-10	0
2.43015048705e-10	0
2.43371898585e-10	0
2.43728748465e-10	0
2.44085598345e-10	0
2.44442448225e-10	0
2.44799298104e-10	0
2.45156147984e-10	0
2.45512997864e-10	0
2.45869847744e-10	0
2.46226697624e-10	0
2.46583547504e-10	0
2.46940397383e-10	0
2.47297247263e-10	0
2.47654097143e-10	0
2.48010947023e-10	0
2.48367796903e-10	0
2.48724646783e-10	0
2.49081496662e-10	0
2.49438346542e-10	0
2.49795196422e-10	0
2.50152046302e-10	0
2.50508896182e-10	0
2.50865746062e-10	0
2.51222595941e-10	0
2.51579445821e-10	0
2.51936295701e-10	0
2.52293145581e-10	0
2.52649995461e-10	0
2.53006845341e-10	0
2.5336369522e-10	0
2.537205451e-10	0
2.5407739498e-10	0
2.5443424486e-10	0
2.5479109474e-10	0
2.5514794462e-10	0
2.55504794499e-10	0
2.55861644379e-10	0
2.56218494259e-10	0
2.56575344139e-10	0
2.56932194019e-10	0
2.57289043898e-10	0
2.57645893778e-10	0
2.58002743658e-10	0
2.58359593538e-10	0
2.58716443418e-10	0
2.59073293298e-10	0
2.59430143177e-10	0
2.59786993057e-10	0
2.60143842937e-10	0
2.60500692817e-10	0
2.60857542697e-10	0
2.61214392577e-10	0
2.61571242456e-10	0
2.61928092336e-10	0
2.62284942216e-10	0
2.62641792096e-10	0
2.62998641976e-10	0
2.63355491856e-10	0
2.63712341735e-10	0
2.64069191615e-10	0
2.64426041495e-10	0
2.64782891375e-10	0
2.65139741255e-10	0
2.65496591135e-10	0
2.65853441014e-10	0
2.66210290894e-10	0
2.66567140774e-10	0
2.66923990654e-10	0
2.67280840534e-10	0
2.67637690413e-10	0
2.67994540293e-10	0
2.68351390173e-10	0
2.68708240053e-10	0
2.69065089933e-10	0
2.69421939813e-10	0
2.69778789692e-10	0
2.70135639572e-10	0
2.70492489452e-10	0
2.70849339332e-10	0
2.71206189212e-10	0
2.71563039092e-10	0
2.71919888971e-10	0
2.72276738851e-10	0
2.72633588731e-10	0
2.72990438611e-10	0
2.73347288491e-10	0
2.73704138371e-10	0
2.7406098825e-10	0
2.7441783813e-10	0
2.7477468801e-10	0
2.7513153789e-10	0
2.7548838777e-10	0
2.7584523765e-10	0
2.76202087529e-10	0
2.76558937409e-10	0
2.76915787289e-10	0
2.77272637169e-10	0
2.77629487049e-10	0
2.77986336929e-10	0
2.78343186808e-10	0
2.78700036688e-10	0
2.79056886568e-10	0
2.79413736448e-10	0
2.79770586328e-10	0
2.80127436207e-10	0
2.80484286087e-10	0
2.80841135967e-10	0
2.81197985847e-10	0
2.81554835727e-10	0
2.81911685607e-10	0
2.82268535486e-10	0
2.82625385366e-10	0
2.82982235246e-10	0
2.83339085126e-10	0
2.83695935006e-10	0
2.84052784886e-10	0
2.84409634765e-10	0
2.84766484645e-10	0
2.85123334525e-10	0
2.85480184405e-10	0
2.85837034285e-10	0
2.86193884165e-10	0
2.86550734044e-10	0
2.86907583924e-10	0
2.87264433804e-10	0
2.87621283684e-10	0
2.87978133564e-10	0
2.88334983444e-10	0
2.88691833323e-10	0
2.89048683203e-10	0
2.89405533083e-10	0
2.89762382963e-10	0
2.90119232843e-10	0
2.90476082723e-10	0
2.90832932602e-10	0
2.91189782482e-10	0
2.91546632362e-10	0
2.91903482242e-10	0
2.92260332122e-10	0
2.92617182001e-10	0
2.92974031881e-10	0
2.93330881761e-10	0
2.93687731641e-10	0
2.94044581521e-10	0
2.94401431401e-10	0
2.9475828128e-10	0
2.9511513116e-10	0
2.9547198104e-10	0
2.9582883092e-10	0
2.961856808e-10	0
2.9654253068e-10	0
2.96899380559e-10	0
2.97256230439e-10	0
2.97613080319e-10	0
2.97969930199e-10	0
2.98326780079e-10	0
2.98683629959e-10	0
2.99040479838e-10	0
2.99397329718e-10	0
2.99754179598e-10	0
3.00111029478e-10	0
3.00467879358e-10	0
3.00824729238e-10	0
3.01181579117e-10	0
3.01538428997e-10	0
3.01895278877e-10	0
3.02252128757e-10	0
3.02608978637e-10	0
3.02965828516e-10	0
3.03322678396e-10	0
3.03679528276e-10	0
3.04036378156e-10	0
3.04393228036e-10	0
3.04750077916e-10	0
3.05106927795e-10	0
3.05463777675e-10	0
3.05820627555e-10	0
3.06177477435e-10	0
3.06534327315e-10	0
3.06891177195e-10	0
3.07248027074e-10	0
3.07604876954e-10	0
3.07961726834e-10	0
3.08318576714e-10	0
3.08675426594e-10	0
3.09032276474e-10	0
3.09389126353e-10	0
3.09745976233e-10	0
3.10102826113e-10	0
3.10459675993e-10	0
3.10816525873e-10	0
3.11173375753e-10	0
3.11530225632e-10	0
3.11887075512e-10	0
3.12243925392e-10	0
3.12600775272e-10	0
3.12957625152e-10	0
3.13314475032e-10	0
3.13671324911e-10	0
3.14028174791e-10	0
3.14385024671e-10	0
3.14741874551e-10	0
3.15098724431e-10	0
3.1545557431e-10	0
3.1581242419e-10	0
3.1616927407e-10	0
3.1652612395e-10	0
3.1688297383e-10	0
3.1723982371e-10	0
3.17596673589e-10	0
3.17953523469e-10	0
3.18310373349e-10	0
3.18667223229e-10	0
3.19024073109e-10	0
3.19380922989e-10	0
3.19737772868e-10	0
3.20094622748e-10	0
3.20451472628e-10	0
3.20808322508e-10	0
3.21165172388e-10	0
3.21522022268e-10	0
3.21878872147e-10	0
3.22235722027e-10	0
3.22592571907e-10	0
3.22949421787e-10	0
3.23306271667e-10	0
3.23663121547e-10	0
3.24019971426e-10	0
3.24376821306e-10	0
3.24733671186e-10	0
3.25090521066e-10	0
3.25447370946e-10	0
3.25804220825e-10	0
3.26161070705e-10	0
3.26517920585e-10	0
3.26874770465e-10	0
3.27231620345e-10	0
3.27588470225e-10	0
3.27945320104e-10	0
3.28302169984e-10	0
3.28659019864e-10	0
3.29015869744e-10	0
3.29372719624e-10	0
3.29729569504e-10	0
3.30086419383e-10	0
3.30443269263e-10	0
3.30800119143e-10	0
3.31156969023e-10	0
3.31513818903e-10	0
3.31870668783e-10	0
3.32227518662e-10	0
3.32584368542e-10	0
3.32941218422e-10	0
3.33298068302e-10	0
3.33654918182e-10	0
3.34011768062e-10	0
3.34368617941e-10	0
3.34725467821e-10	0
3.35082317701e-10	0
3.35439167581e-10	0
3.35796017461e-10	0
3.36152867341e-10	0
3.3650971722e-10	0
3.368665671e-10	0
3.3722341698e-10	0
3.3758026686e-10	0
3.3793711674e-10	0
3.38293966619e-10	0
3.38650816499e-10	0
3.39007666379e-10	0
3.39364516259e-10	0
3.39721366139e-10	0
3.40078216019e-10	0
3.40435065898e-10	0
3.40791915778e-10	0
3.41148765658e-10	0
3.41505615538e-10	0
3.41862465418e-10	0
3.42219315298e-10	0
3.42576165177e-10	0
3.42933015057e-10	0
3.43289864937e-10	0
3.43646714817e-10	0
3.44003564697e-10	0
3.44360414577e-10	0
3.44717264456e-10	0
3.45074114336e-10	0
3.45430964216e-10	0
3.45787814096e-10	0
3.46144663976e-10	0
3.46501513856e-10	0
3.46858363735e-10	0
3.47215213615e-10	0
3.47572063495e-10	0
3.47928913375e-10	0
3.48285763255e-10	0
3.48642613134e-10	0
3.48999463014e-10	0
3.49356312894e-10	0
3.49713162774e-10	0
3.50070012654e-10	0
3.50426862534e-10	0
3.50783712413e-10	0
3.51140562293e-10	0
3.51497412173e-10	0
3.51854262053e-10	0
3.52211111933e-10	0
3.52567961813e-10	0
3.52924811692e-10	0
3.53281661572e-10	0
3.53638511452e-10	0
3.53995361332e-10	0
3.54352211212e-10	0
3.54709061092e-10	0
3.55065910971e-10	0
3.55422760851e-10	0
3.55779610731e-10	0
3.56136460611e-10	0
3.56493310491e-10	0
3.56850160371e-10	0
3.5720701025e-10	0
3.5756386013e-10	0
3.5792071001e-10	0
3.5827755989e-10	0
3.5863440977e-10	0
3.5899125965e-10	0
3.59348109529e-10	0
3.59704959409e-10	0
3.60061809289e-10	0
3.60418659169e-10	0
3.60775509049e-10	0
3.61132358928e-10	0
3.61489208808e-10	0
3.61846058688e-10	0
3.62202908568e-10	0
3.62559758448e-10	0
3.62916608328e-10	0
3.63273458207e-10	0
3.63630308087e-10	0
3.63987157967e-10	0
3.64344007847e-10	0
3.64700857727e-10	0
3.65057707607e-10	0
3.65414557486e-10	0
3.65771407366e-10	0
3.66128257246e-10	0
3.66485107126e-10	0
3.66841957006e-10	0
3.67198806886e-10	0
3.67555656765e-10	0
3.67912506645e-10	0
3.68269356525e-10	0
3.68626206405e-10	0
3.68983056285e-10	0
3.69339906165e-10	0
3.69696756044e-10	0
3.70053605924e-10	0
3.70410455804e-10	0
3.70767305684e-10	0
3.71124155564e-10	0
3.71481005443e-10	0
3.71837855323e-10	0
3.72194705203e-10	0
3.72551555083e-10	0
3.72908404963e-10	0
3.73265254843e-10	0
3.73622104722e-10	0
3.73978954602e-10	0
3.74335804482e-10	0
3.74692654362e-10	0
3.75049504242e-10	0
3.75406354122e-10	0
3.75763204001e-10	0
3.76120053881e-10	0
3.76476903761e-10	0
3.76833753641e-10	0
3.77190603521e-10	0
3.77547453401e-10	0
3.7790430328e-10	0
3.7826115316e-10	0
3.7861800304e-10	0
3.7897485292e-10	0
3.793317028e-10	0
3.7968855268e-10	0
3.80045402559e-10	0
3.80402252439e-10	0
3.80759102319e-10	0
3.81115952199e-10	0
3.81472802079e-10	0
3.81829651959e-10	0
3.82186501838e-10	0
3.82543351718e-10	0
3.82900201598e-10	0
3.83257051478e-10	0
3.83613901358e-10	0
3.83970751237e-10	0
3.84327601117e-10	0
3.84684450997e-10	0
3.85041300877e-10	0
3.85398150757e-10	0
3.85755000637e-10	0
3.86111850516e-10	0
3.86468700396e-10	0
3.86825550276e-10	0
3.87182400156e-10	0
3.87539250036e-10	0
3.87896099916e-10	0
3.88252949795e-10	0
3.88609799675e-10	0
3.88966649555e-10	0
3.89323499435e-10	0
3.89680349315e-10	0
3.90037199195e-10	0
3.90394049074e-10	0
3.90750898954e-10	0
3.91107748834e-10	0
3.91464598714e-10	0
3.91821448594e-10	0
3.92178298474e-10	0
3.92535148353e-10	0
3.92891998233e-10	0
3.93248848113e-10	0
3.93605697993e-10	0
3.93962547873e-10	0
3.94319397753e-10	0
3.94676247632e-10	0
3.95033097512e-10	0
3.95389947392e-10	0
3.95746797272e-10	0
3.96103647152e-10	0
3.96460497031e-10	0
3.96817346911e-10	0
3.97174196791e-10	0
3.97531046671e-10	0
3.97887896551e-10	0
3.98244746431e-10	0
3.9860159631e-10	0
3.9895844619e-10	0
3.9931529607e-10	0
3.9967214595e-10	0
4.0002899583e-10	0
4.0038584571e-10	0
4.00742695589e-10	0
4.01099545469e-10	0
4.01456395349e-10	0
4.01813245229e-10	0
4.02170095109e-10	0
4.02526944989e-10	0
4.02883794868e-10	0
4.03240644748e-10	0
4.03597494628e-10	0
4.03954344508e-10	0
4.04311194388e-10	0
4.04668044268e-10	0
4.05024894147e-10	0
4.05381744027e-10	0
4.05738593907e-10	0
4.06095443787e-10	0
4.06452293667e-10	0
4.06809143546e-10	0
4.07165993426e-10	0
4.07522843306e-10	0
4.07879693186e-10	0
4.08236543066e-10	0
4.08593392946e-10	0
4.08950242825e-10	0
4.09307092705e-10	0
4.09663942585e-10	0
4.10020792465e-10	0
4.10377642345e-10	0
4.10734492225e-10	0
4.11091342104e-10	0
4.11448191984e-10	0
4.11805041864e-10	0
4.12161891744e-10	0
4.12518741624e-10	0
4.12875591504e-10	0
4.13232441383e-10	0
4.13589291263e-10	0
4.13946141143e-10	0
4.14302991023e-10	0
4.14659840903e-10	0
4.15016690783e-10	0
4.15373540662e-10	0
4.15730390542e-10	0
4.16087240422e-10	0
4.16444090302e-10	0
4.16800940182e-10	0
4.17157790062e-10	0
4.17514639941e-10	0
4.17871489821e-10	0
4.18228339701e-10	0
4.18585189581e-10	0
4.18942039461e-10	0
4.1929888934e-10	0
4.1965573922e-10	0
4.200125891e-10	0
4.2036943898e-10	0
4.2072628886e-10	0
4.2108313874e-10	0
4.21439988619e-10	0
4.21796838499e-10	0
4.22153688379e-10	0
4.22510538259e-10	0
4.22867388139e-10	0
4.23224238019e-10	0
4.23581087898e-10	0
4.23937937778e-10	0
4.24294787658e-10	0
4.24651637538e-10	0
4.25008487418e-10	0
4.25365337298e-10	0
4.25722187177e-10	0
4.26079037057e-10	0
4.26435886937e-10	0
4.26792736817e-10	0
4.27149586697e-10	0
4.27506436577e-10	0
4.27863286456e-10	0
4.28220136336e-10	0
4.28576986216e-10	0
4.28933836096e-10	0
4.29290685976e-10	0
4.29647535855e-10	0
4.30004385735e-10	0
4.30361235615e-10	0
4.30718085495e-10	0
4.31074935375e-10	0
4.31431785255e-10	0
4.31788635134e-10	0
4.32145485014e-10	0
4.32502334894e-10	0
4.32859184774e-10	0
4.33216034654e-10	0
4.33572884534e-10	0
4.33929734413e-10	0
4.34286584293e-10	0
4.34643434173e-10	0
4.35000284053e-10	0
4.35357133933e-10	0
4.35713983813e-10	0
4.36070833692e-10	0
4.36427683572e-10	0
4.36784533452e-10	0
4.37141383332e-10	0
4.37498233212e-10	0
4.37855083092e-10	0
4.38211932971e-10	0
4.38568782851e-10	0
4.38925632731e-10	0
4.39282482611e-10	0
4.39639332491e-10	0
4.39996182371e-10	0
4.4035303225e-10	0
4.4070988213e-10	0
4.4106673201e-10	0
4.4142358189e-10	0
4.4178043177e-10	0
4.42137281649e-10	0
4.42494131529e-10	0
4.42850981409e-10	0
4.43207831289e-10	0
4.43564681169e-10	0
4.43921531049e-10	0
4.44278380928e-10	0
4.44635230808e-10	0
4.44992080688e-10	0
4.45348930568e-10	0
4.45705780448e-10	0
4.46062630328e-10	0
4.46419480207e-10	0
4.46776330087e-10	0
4.47133179967e-10	0
4.47490029847e-10	0
4.47846879727e-10	0
4.48203729607e-10	0
4.48560579486e-10	0
4.48917429366e-10	0
4.49274279246e-10	0
4.49631129126e-10	0
4.49987979006e-10	0
4.50344828886e-10	0
4.50701678765e-10	0
4.51058528645e-10	0
4.51415378525e-10	0
4.51772228405e-10	0
4.52129078285e-10	0
4.52485928164e-10	0
4.52842778044e-10	0
4.53199627924e-10	0
4.53556477804e-10	0
4.53913327684e-10	0
4.54270177564e-10	0
4.54627027443e-10	0
4.54983877323e-10	0
4.55340727203e-10	0
4.55697577083e-10	0
4.56054426963e-10	0
4.56411276843e-10	0
4.56768126722e-10	0
4.57124976602e-10	0
4.57481826482e-10	0
4.57838676362e-10	0
4.58195526242e-10	0
4.58552376122e-10	0
4.58909226001e-10	0
4.59266075881e-10	0
4.59622925761e-10	0
4.59979775641e-10	0
4.60336625521e-10	0
4.60693475401e-10	0
4.6105032528e-10	0
4.6140717516e-10	0
4.6176402504e-10	0
4.6212087492e-10	0
4.624777248e-10	0
4.6283457468e-10	0
4.63191424559e-10	0
4.63548274439e-10	0
4.63905124319e-10	0
4.64261974199e-10	0
4.64618824079e-10	0
4.64975673958e-10	0
4.65332523838e-10	0
4.65689373718e-10	0
4.66046223598e-10	0
4.66403073478e-10	0
4.66759923358e-10	0
4.67116773237e-10	0
4.67473623117e-10	0
4.67830472997e-10	0
4.68187322877e-10	0
4.68544172757e-10	0
4.68901022637e-10	0
4.69257872516e-10	0
4.69614722396e-10	0
4.69971572276e-10	0
4.70328422156e-10	0
4.70685272036e-10	0
4.71042121916e-10	0
4.71398971795e-10	0
4.71755821675e-10	0
4.72112671555e-10	0
4.72469521435e-10	0
4.72826371315e-10	0
4.73183221195e-10	0
4.73540071074e-10	0
4.73896920954e-10	0
4.74253770834e-10	0
4.74610620714e-10	0
4.74967470594e-10	0
4.75324320474e-10	0
4.75681170353e-10	0
4.76038020233e-10	0
4.76394870113e-10	0
4.76751719993e-10	0
4.77108569873e-10	0
4.77465419752e-10	0
4.77822269632e-10	0
4.78179119512e-10	0
4.78535969392e-10	0
4.78892819272e-10	0
4.79249669152e-10	0
4.79606519031e-10	0
4.79963368911e-10	0
4.80320218791e-10	0
4.80677068671e-10	0
4.81033918551e-10	0
4.81390768431e-10	0
4.8174761831e-10	0
4.8210446819e-10	0
4.8246131807e-10	0
4.8281816795e-10	0
4.8317501783e-10	0
4.8353186771e-10	0
4.83888717589e-10	0
4.84245567469e-10	0
4.84602417349e-10	0
4.84959267229e-10	0
4.85316117109e-10	0
4.85672966989e-10	0
4.86029816868e-10	0
4.86386666748e-10	0
4.86743516628e-10	0
4.87100366508e-10	0
4.87457216388e-10	0
4.87814066267e-10	0
4.88170916147e-10	0
4.88527766027e-10	0
4.88884615907e-10	0
4.89241465787e-10	0
4.89598315667e-10	0
4.89955165546e-10	0
4.90312015426e-10	0
4.90668865306e-10	0
4.91025715186e-10	0
4.91382565066e-10	0
4.91739414946e-10	0
4.92096264825e-10	0
4.92453114705e-10	0
4.92809964585e-10	0
4.93166814465e-10	0
4.93523664345e-10	0
4.93880514225e-10	0
4.94237364104e-10	0
4.94594213984e-10	0
4.94951063864e-10	0
4.95307913744e-10	0
4.95664763624e-10	0
4.96021613504e-10	0
4.96378463383e-10	0
4.96735313263e-10	0
4.97092163143e-10	0
4.97449013023e-10	0
4.97805862903e-10	0
4.98162712783e-10	0
4.98519562662e-10	0
4.98876412542e-10	0
4.99233262422e-10	0
4.99590112302e-10	0
4.99946962182e-10	0
5.00303812061e-10	0
5.00660661941e-10	0
5.01017511821e-10	0
5.01374361701e-10	0
5.01731211581e-10	0
5.02088061461e-10	0
5.0244491134e-10	0
5.0280176122e-10	0
5.031586111e-10	0
5.0351546098e-10	0
5.0387231086e-10	0
5.0422916074e-10	0
5.04586010619e-10	0
5.04942860499e-10	0
5.05299710379e-10	0
5.05656560259e-10	0
5.06013410139e-10	0
5.06370260019e-10	0
5.06727109898e-10	0
5.07083959778e-10	0
5.07440809658e-10	0
5.07797659538e-10	0
5.08154509418e-10	0
5.08511359298e-10	0
5.08868209177e-10	0
5.09225059057e-10	0
5.09581908937e-10	0
5.09938758817e-10	0
5.10295608697e-10	0
5.10652458576e-10	0
5.11009308456e-10	0
5.11366158336e-10	0
5.11723008216e-10	0
5.12079858096e-10	0
5.12436707976e-10	0
5.12793557855e-10	0
5.13150407735e-10	0
5.13507257615e-10	0
5.13864107495e-10	0
5.14220957375e-10	0
5.14577807255e-10	0
5.14934657134e-10	0
5.15291507014e-10	0
5.15648356894e-10	0
5.16005206774e-10	0
5.16362056654e-10	0
5.16718906534e-10	0
5.17075756413e-10	0
5.17432606293e-10	0
5.17789456173e-10	0
5.18146306053e-10	0
5.18503155933e-10	0
5.18860005813e-10	0
5.19216855692e-10	0
5.19573705572e-10	0
5.19930555452e-10	0
5.20287405332e-10	0
5.20644255212e-10	0
5.21001105092e-10	0
5.21357954971e-10	0
5.21714804851e-10	0
5.22071654731e-10	0
5.22428504611e-10	0
5.22785354491e-10	0
5.2314220437e-10	0
5.2349905425e-10	0
5.2385590413e-10	0
5.2421275401e-10	0
5.2456960389e-10	0
5.2492645377e-10	0
5.25283303649e-10	0
5.25640153529e-10	0
5.25997003409e-10	0
5.26353853289e-10	0
5.26710703169e-10	0
5.27067553049e-10	0
5.27424402928e-10	0
5.27781252808e-10	0
5.28138102688e-10	0
5.28494952568e-10	0
5.28851802448e-10	0
5.29208652328e-10	0
5.29565502207e-10	0
5.29922352087e-10	0
5.30279201967e-10	0
5.30636051847e-10	0
5.30992901727e-10	0
5.31349751607e-10	0
5.31706601486e-10	0
5.32063451366e-10	0
5.32420301246e-10	0
5.32777151126e-10	0
5.33134001006e-10	0
5.33490850885e-10	0
5.33847700765e-10	0
5.34204550645e-10	0
5.34561400525e-10	0
5.34918250405e-10	0
5.35275100285e-10	0
5.35631950164e-10	0
5.35988800044e-10	0
5.36345649924e-10	0
5.36702499804e-10	0
5.37059349684e-10	0
5.37416199564e-10	0
5.37773049443e-10	0
5.38129899323e-10	0
5.38486749203e-10	0
5.38843599083e-10	0
5.39200448963e-10	0
5.39557298843e-10	0
5.39914148722e-10	0
5.40270998602e-10	0
5.40627848482e-10	0
5.40984698362e-10	0
5.41341548242e-10	0
5.41698398122e-10	0
5.42055248001e-10	0
5.42412097881e-10	0
5.42768947761e-10	0
5.43125797641e-10	0
5.43482647521e-10	0
5.43839497401e-10	0
5.4419634728e-10	0
5.4455319716e-10	0
5.4491004704e-10	0
5.4526689692e-10	0
5.456237468e-10	0
5.45980596679e-10	0
5.46337446559e-10	0
5.46694296439e-10	0
5.47051146319e-10	0
5.47407996199e-10	0
5.47764846079e-10	0
5.48121695958e-10	0
5.48478545838e-10	0
5.48835395718e-10	0
5.49192245598e-10	0
5.49549095478e-10	0
5.49905945358e-10	0
5.50262795237e-10	0
5.50619645117e-10	0
5.50976494997e-10	0
5.51333344877e-10	0
5.51690194757e-10	0
5.52047044637e-10	0
5.52403894516e-10	0
5.52760744396e-10	0
5.53117594276e-10	0
5.53474444156e-10	0
5.53831294036e-10	0
5.54188143916e-10	0
5.54544993795e-10	0
5.54901843675e-10	0
5.55258693555e-10	0
5.55615543435e-10	0
5.55972393315e-10	0
5.56329243195e-10	0
5.56686093074e-10	0
5.57042942954e-10	0
5.57399792834e-10	0
5.57756642714e-10	0
5.58113492594e-10	0
5.58470342473e-10	0
5.58827192353e-10	0
5.59184042233e-10	0
5.59540892113e-10	0
5.59897741993e-10	0
5.60254591873e-10	0
5.60611441752e-10	0
5.60968291632e-10	0
5.61325141512e-10	0
5.61681991392e-10	0
5.62038841272e-10	0
5.62395691152e-10	0
5.62752541031e-10	0
5.63109390911e-10	0
5.63466240791e-10	0
5.63823090671e-10	0
5.64179940551e-10	0
5.64536790431e-10	0
5.6489364031e-10	0
5.6525049019e-10	0
5.6560734007e-10	0
5.6596418995e-10	0
5.6632103983e-10	0
5.6667788971e-10	0
5.67034739589e-10	0
5.67391589469e-10	0
5.67748439349e-10	0
5.68105289229e-10	0
5.68462139109e-10	0
5.68818988988e-10	0
5.69175838868e-10	0
5.69532688748e-10	0
5.69889538628e-10	0
5.70246388508e-10	0
5.70603238388e-10	0
5.70960088267e-10	0
5.71316938147e-10	0
5.71673788027e-10	0
5.72030637907e-10	0
5.72387487787e-10	0
5.72744337667e-10	0
5.73101187546e-10	0
5.73458037426e-10	0
5.73814887306e-10	0
5.74171737186e-10	0
5.74528587066e-10	0
5.74885436946e-10	0
5.75242286825e-10	0
5.75599136705e-10	0
5.75955986585e-10	0
5.76312836465e-10	0
5.76669686345e-10	0
5.77026536225e-10	0
5.77383386104e-10	0
5.77740235984e-10	0
5.78097085864e-10	0
5.78453935744e-10	0
5.78810785624e-10	0
5.79167635504e-10	0
5.79524485383e-10	0
5.79881335263e-10	0
5.80238185143e-10	0
5.80595035023e-10	0
5.80951884903e-10	0
5.81308734782e-10	0
5.81665584662e-10	0
5.82022434542e-10	0
5.82379284422e-10	0
5.82736134302e-10	0
5.83092984182e-10	0
5.83449834061e-10	0
5.83806683941e-10	0
5.84163533821e-10	0
5.84520383701e-10	0
5.84877233581e-10	0
5.85234083461e-10	0
5.8559093334e-10	0
5.8594778322e-10	0
5.863046331e-10	0
5.8666148298e-10	0
5.8701833286e-10	0
5.8737518274e-10	0
5.87732032619e-10	0
5.88088882499e-10	0
5.88445732379e-10	0
5.88802582259e-10	0
5.89159432139e-10	0
5.89516282019e-10	0
5.89873131898e-10	0
5.90229981778e-10	0
5.90586831658e-10	0
5.90943681538e-10	0
5.91300531418e-10	0
5.91657381297e-10	0
5.92014231177e-10	0
5.92371081057e-10	0
5.92727930937e-10	0
5.93084780817e-10	0
5.93441630697e-10	0
5.93798480576e-10	0
5.94155330456e-10	0
5.94512180336e-10	0
5.94869030216e-10	0
5.95225880096e-10	0
5.95582729976e-10	0
5.95939579855e-10	0
5.96296429735e-10	0
5.96653279615e-10	0
5.97010129495e-10	0
5.97366979375e-10	0
5.97723829255e-10	0
5.98080679134e-10	0
5.98437529014e-10	0
5.98794378894e-10	0
5.99151228774e-10	0
5.99508078654e-10	0
5.99864928534e-10	0
6.00221778413e-10	0
6.00578628293e-10	0
6.00935478173e-10	0
6.01292328053e-10	0
6.01649177933e-10	0
6.02006027813e-10	0
6.02362877692e-10	0
6.02719727572e-10	0
6.03076577452e-10	0
6.03433427332e-10	0
6.03790277212e-10	0
6.04147127091e-10	0
6.04503976971e-10	0
6.04860826851e-10	0
6.05217676731e-10	0
6.05574526611e-10	0
6.05931376491e-10	0
6.0628822637e-10	0
6.0664507625e-10	0
6.0700192613e-10	0
6.0735877601e-10	0
6.0771562589e-10	0
6.0807247577e-10	0
6.08429325649e-10	0
6.08786175529e-10	0
6.09143025409e-10	0
6.09499875289e-10	0
6.09856725169e-10	0
6.10213575049e-10	0
6.10570424928e-10	0
6.10927274808e-10	0
6.11284124688e-10	0
6.11640974568e-10	0
6.11997824448e-10	0
6.12354674328e-10	0
6.12711524207e-10	0
6.13068374087e-10	0
6.13425223967e-10	0
6.13782073847e-10	0
6.14138923727e-10	0
6.14495773606e-10	0
6.14852623486e-10	0
6.15209473366e-10	0
6.15566323246e-10	0
6.15923173126e-10	0
6.16280023006e-10	0
6.16636872885e-10	0
6.16993722765e-10	0
6.17350572645e-10	0
6.17707422525e-10	0
6.18064272405e-10	0
6.18421122285e-10	0
6.18777972164e-10	0
6.19134822044e-10	0
6.19491671924e-10	0
6.19848521804e-10	0
6.20205371684e-10	0
6.20562221564e-10	0
6.20919071443e-10	0
6.21275921323e-10	0
6.21632771203e-10	0
6.21989621083e-10	0
6.22346470963e-10	0
6.22703320843e-10	0
6.23060170722e-10	0
6.23417020602e-10	0
6.23773870482e-10	0
6.24130720362e-10	0
6.24487570242e-10	0
6.24844420122e-10	0
6.25201270001e-10	0
6.25558119881e-10	0
6.25914969761e-10	0
6.26271819641e-10	0
6.26628669521e-10	0
6.269855194e-10	0
6.2734236928e-10	0
6.2769921916e-10	0
6.2805606904e-10	0
6.2841291892e-10	0
6.287697688e-10	0
6.29126618679e-10	0
6.29483468559e-10	0
6.29840318439e-10	0
6.30197168319e-10	0
6.30554018199e-10	0
6.30910868079e-10	0
6.31267717958e-10	0
6.31624567838e-10	0
6.31981417718e-10	0
6.32338267598e-10	0
6.32695117478e-10	0
6.33051967358e-10	0
6.33408817237e-10	0
6.33765667117e-10	0
6.34122516997e-10	0
6.34479366877e-10	0
6.34836216757e-10	0
6.35193066637e-10	0
6.35549916516e-10	0
6.35906766396e-10	0
6.36263616276e-10	0
6.36620466156e-10	0
6.36977316036e-10	0
6.37334165915e-10	0
6.37691015795e-10	0
6.38047865675e-10	0
6.38404715555e-10	0
6.38761565435e-10	0
6.39118415315e-10	0
6.39475265194e-10	0
6.39832115074e-10	0
6.40188964954e-10	0
6.40545814834e-10	0
6.40902664714e-10	0
6.41259514594e-10	0
6.41616364473e-10	0
6.41973214353e-10	0
6.42330064233e-10	0
6.42686914113e-10	0
6.43043763993e-10	0
6.43400613873e-10	0
6.43757463752e-10	0
6.44114313632e-10	0
6.44471163512e-10	0
6.44828013392e-10	0
6.45184863272e-10	0
6.45541713152e-10	0
6.45898563031e-10	0
6.46255412911e-10	0
6.46612262791e-10	0
6.46969112671e-10	0
6.47325962551e-10	0
6.47682812431e-10	0
6.4803966231e-10	0
6.4839651219e-10	0
6.4875336207e-10	0
6.4911021195e-10	0
6.4946706183e-10	0
6.49823911709e-10	0
6.50180761589e-10	0
6.50537611469e-10	0
6.50894461349e-10	0
6.51251311229e-10	0
6.51608161109e-10	0
6.51965010988e-10	0
6.52321860868e-10	0
6.52678710748e-10	0
6.53035560628e-10	0
6.53392410508e-10	0
6.53749260388e-10	0
6.54106110267e-10	0
6.54462960147e-10	0
6.54819810027e-10	0
6.55176659907e-10	0
6.55533509787e-10	0
6.55890359667e-10	0
6.56247209546e-10	0
6.56604059426e-10	0
6.56960909306e-10	0
6.57317759186e-10	0
6.57674609066e-10	0
6.58031458946e-10	0
6.58388308825e-10	0
6.58745158705e-10	0
6.59102008585e-10	0
6.59458858465e-10	0
6.59815708345e-10	0
6.60172558225e-10	0
6.60529408104e-10	0
6.60886257984e-10	0
6.61243107864e-10	0
6.61599957744e-10	0
6.61956807624e-10	0
6.62313657503e-10	0
6.62670507383e-10	0
6.63027357263e-10	0
6.63384207143e-10	0
6.63741057023e-10	0
6.64097906903e-10	0
6.64454756782e-10	0
6.64811606662e-10	0
6.65168456542e-10	0
6.65525306422e-10	0
6.65882156302e-10	0
6.66239006182e-10	0
6.66595856061e-10	0
6.66952705941e-10	0
6.67309555821e-10	0
6.67666405701e-10	0
6.68023255581e-10	0
6.68380105461e-10	0
6.6873695534e-10	0
6.6909380522e-10	0
6.694506551e-10	0
6.6980750498e-10	0
6.7016435486e-10	0
6.7052120474e-10	0
6.70878054619e-10	0
6.71234904499e-10	0
6.71591754379e-10	0
6.71948604259e-10	0
6.72305454139e-10	0
6.72662304018e-10	0
6.73019153898e-10	0
6.73376003778e-10	0
6.73732853658e-10	0
6.74089703538e-10	0
6.74446553418e-10	0
6.74803403297e-10	0
6.75160253177e-10	0
6.75517103057e-10	0
6.75873952937e-10	0
6.76230802817e-10	0
6.76587652697e-10	0
6.76944502576e-10	0
6.77301352456e-10	0
6.77658202336e-10	0
6.78015052216e-10	0
6.78371902096e-10	0
6.78728751976e-10	0
6.79085601855e-10	0
6.79442451735e-10	0
6.79799301615e-10	0
6.80156151495e-10	0
6.80513001375e-10	0
6.80869851255e-10	0
6.81226701134e-10	0
6.81583551014e-10	0
6.81940400894e-10	0
6.82297250774e-10	0
6.82654100654e-10	0
6.83010950534e-10	0
6.83367800413e-10	0
6.83724650293e-10	0
6.84081500173e-10	0
6.84438350053e-10	0
6.84795199933e-10	0
6.85152049812e-10	0
6.85508899692e-10	0
6.85865749572e-10	0
6.86222599452e-10	0
6.86579449332e-10	0
6.86936299212e-10	0
6.87293149091e-10	0
6.87649998971e-10	0
6.88006848851e-10	0
6.88363698731e-10	0
6.88720548611e-10	0
6.89077398491e-10	0
6.8943424837e-10	0
6.8979109825e-10	0
6.9014794813e-10	0
6.9050479801e-10	0
6.9086164789e-10	0
6.9121849777e-10	0
6.91575347649e-10	0
6.91932197529e-10	0
6.92289047409e-10	0
6.92645897289e-10	0
6.93002747169e-10	0
6.93359597049e-10	0
6.93716446928e-10	0
6.94073296808e-10	0
6.94430146688e-10	0
6.94786996568e-10	0
6.95143846448e-10	0
6.95500696327e-10	0
6.95857546207e-10	0
6.96214396087e-10	0
6.96571245967e-10	0
6.96928095847e-10	0
6.97284945727e-10	0
6.97641795606e-10	0
6.97998645486e-10	0
6.98355495366e-10	0
6.98712345246e-10	0
6.99069195126e-10	0
6.99426045006e-10	0
6.99782894885e-10	0
7.00139744765e-10	0
7.00496594645e-10	0
7.00853444525e-10	0
7.01210294405e-10	0
7.01567144285e-10	0
7.01923994164e-10	0
7.02280844044e-10	0
7.02637693924e-10	0
7.02994543804e-10	0
7.03351393684e-10	0
7.03708243564e-10	0
7.04065093443e-10	0
7.04421943323e-10	0
7.04778793203e-10	0
7.05135643083e-10	0
7.05492492963e-10	0
7.05849342843e-10	0
7.06206192722e-10	0
7.06563042602e-10	0
7.06919892482e-10	0
7.07276742362e-10	0
7.07633592242e-10	0
7.07990442121e-10	0
7.08347292001e-10	0
7.08704141881e-10	0
7.09060991761e-10	0
7.09417841641e-10	0
7.09774691521e-10	0
7.101315414e-10	0
7.1048839128e-10	0
7.1084524116e-10	0
7.1120209104e-10	0
7.1155894092e-10	0
7.119157908e-10	0
7.12272640679e-10	0
7.12629490559e-10	0
7.12986340439e-10	0
7.13343190319e-10	0
7.13700040199e-10	0
7.14056890079e-10	0
7.14413739958e-10	0
7.14770589838e-10	0
7.15127439718e-10	0
7.15484289598e-10	0
7.15841139478e-10	0
7.16197989358e-10	0
7.16554839237e-10	0
7.16911689117e-10	0
7.17268538997e-10	0
7.17625388877e-10	0
7.17982238757e-10	0
7.18339088636e-10	0
7.18695938516e-10	0
7.19052788396e-10	0
7.19409638276e-10	0
7.19766488156e-10	0
7.20123338036e-10	0
7.20480187915e-10	0
7.20837037795e-10	0
7.21193887675e-10	0
7.21550737555e-10	0
7.21907587435e-10	0
7.22264437315e-10	0
7.22621287194e-10	0
7.22978137074e-10	0
7.23334986954e-10	0
7.23691836834e-10	0
7.24048686714e-10	0
7.24405536594e-10	0
7.24762386473e-10	0
7.25119236353e-10	0
7.25476086233e-10	0
7.25832936113e-10	0
7.26189785993e-10	0
7.26546635873e-10	0
7.26903485752e-10	0
7.27260335632e-10	0
7.27617185512e-10	0
7.27974035392e-10	0
7.28330885272e-10	0
7.28687735152e-10	0
7.29044585031e-10	0
7.29401434911e-10	0
7.29758284791e-10	0
7.30115134671e-10	0
7.30471984551e-10	0
7.3082883443e-10	0
7.3118568431e-10	0
7.3154253419e-10	0
7.3189938407e-10	0
7.3225623395e-10	0
7.3261308383e-10	0
7.32969933709e-10	0
7.33326783589e-10	0
7.33683633469e-10	0
7.34040483349e-10	0
7.34397333229e-10	0
7.34754183109e-10	0
7.35111032988e-10	0
7.35467882868e-10	0
7.35824732748e-10	0
7.36181582628e-10	0
7.36538432508e-10	0
7.36895282388e-10	0
7.37252132267e-10	0
7.37608982147e-10	0
7.37965832027e-10	0
7.38322681907e-10	0
7.38679531787e-10	0
7.39036381667e-10	0
7.39393231546e-10	0
7.39750081426e-10	0
7.40106931306e-10	0
7.40463781186e-10	0
7.40820631066e-10	0
7.41177480946e-10	0
7.41534330825e-10	0
7.41891180705e-10	0
7.42248030585e-10	0
7.42604880465e-10	0
7.42961730345e-10	0
7.43318580224e-10	0
7.43675430104e-10	0
7.44032279984e-10	0
7.44389129864e-10	0
7.44745979744e-10	0
7.45102829624e-10	0
7.45459679503e-10	0
7.45816529383e-10	0
7.46173379263e-10	0
7.46530229143e-10	0
7.46887079023e-10	0
7.47243928903e-10	0
7.47600778782e-10	0
7.47957628662e-10	0
7.48314478542e-10	0
7.48671328422e-10	0
7.49028178302e-10	0
7.49385028182e-10	0
7.49741878061e-10	0
7.50098727941e-10	0
7.50455577821e-10	0
7.50812427701e-10	0
7.51169277581e-10	0
7.51526127461e-10	0
7.5188297734e-10	0
7.5223982722e-10	0
7.525966771e-10	0
7.5295352698e-10	0
7.5331037686e-10	0
7.53667226739e-10	0
7.54024076619e-10	0
7.54380926499e-10	0
7.54737776379e-10	0
7.55094626259e-10	0
7.55451476139e-10	0
7.55808326018e-10	0
7.56165175898e-10	0
7.56522025778e-10	0
7.56878875658e-10	0
7.57235725538e-10	0
7.57592575418e-10	0
7.57949425297e-10	0
7.58306275177e-10	0
7.58663125057e-10	0
7.59019974937e-10	0
7.59376824817e-10	0
7.59733674697e-10	0
7.60090524576e-10	0
7.60447374456e-10	0
7.60804224336e-10	0
7.61161074216e-10	0
7.61517924096e-10	0
7.61874773976e-10	0
7.62231623855e-10	0
7.62588473735e-10	0
7.62945323615e-10	0
7.63302173495e-10	0
7.63659023375e-10	0
7.64015873255e-10	0
7.64372723134e-10	0
7.64729573014e-10	0
7.65086422894e-10	0
7.65443272774e-10	0
7.65800122654e-10	0
7.66156972533e-10	0
7.66513822413e-10	0
7.66870672293e-10	0
7.67227522173e-10	0
7.67584372053e-10	0
7.67941221933e-10	0
7.68298071812e-10	0
7.68654921692e-10	0
7.69011771572e-10	0
7.69368621452e-10	0
7.69725471332e-10	0
7.70082321212e-10	0
7.70439171091e-10	0
7.70796020971e-10	0
7.71152870851e-10	0
7.71509720731e-10	0
7.71866570611e-10	0
7.72223420491e-10	0
7.7258027037e-10	0
7.7293712025e-10	0
7.7329397013e-10	0
7.7365082001e-10	0
7.7400766989e-10	0
7.7436451977e-10	0
7.74721369649e-10	0
7.75078219529e-10	0
7.75435069409e-10	0
7.75791919289e-10	0
7.76148769169e-10	0
7.76505619048e-10	0
7.76862468928e-10	0
7.77219318808e-10	0
7.77576168688e-10	0
7.77933018568e-10	0
7.78289868448e-10	0
7.78646718327e-10	0
7.79003568207e-10	0
7.79360418087e-10	0
7.79717267967e-10	0
7.80074117847e-10	0
7.80430967727e-10	0
7.80787817606e-10	0
7.81144667486e-10	0
7.81501517366e-10	0
7.81858367246e-10	0
7.82215217126e-10	0
7.82572067006e-10	0
7.82928916885e-10	0
7.83285766765e-10	0
7.83642616645e-10	0
7.83999466525e-10	0
7.84356316405e-10	0
7.84713166285e-10	0
7.85070016164e-10	0
7.85426866044e-10	0
7.85783715924e-10	0
7.86140565804e-10	0
7.86497415684e-10	0
7.86854265564e-10	0
7.87211115443e-10	0
7.87567965323e-10	0
7.87924815203e-10	0
7.88281665083e-10	0
7.88638514963e-10	0
7.88995364842e-10	0
7.89352214722e-10	0
7.89709064602e-10	0
7.90065914482e-10	0
7.90422764362e-10	0
7.90779614242e-10	0
7.91136464121e-10	0
7.91493314001e-10	0
7.91850163881e-10	0
7.92207013761e-10	0
7.92563863641e-10	0
7.92920713521e-10	0
7.932775634e-10	0
7.9363441328e-10	0
7.9399126316e-10	0
7.9434811304e-10	0
7.9470496292e-10	0
7.950618128e-10	0
7.95418662679e-10	0
7.95775512559e-10	0
7.96132362439e-10	0
7.96489212319e-10	0
7.96846062199e-10	0
7.97202912079e-10	0
7.97559761958e-10	0
7.97916611838e-10	0
7.98273461718e-10	0
7.98630311598e-10	0
7.98987161478e-10	0
7.99344011357e-10	0
7.99700861237e-10	0
8.00057711117e-10	0
8.00414560997e-10	0
8.00771410877e-10	0
8.01128260757e-10	0
8.01485110636e-10	0
8.01841960516e-10	0
8.02198810396e-10	0
8.02555660276e-10	0
8.02912510156e-10	0
8.03269360036e-10	0
8.03626209915e-10	0
8.03983059795e-10	0
8.04339909675e-10	0
8.04696759555e-10	0
8.05053609435e-10	0
8.05410459315e-10	0
8.05767309194e-10	0
8.06124159074e-10	0
8.06481008954e-10	0
8.06837858834e-10	0
8.07194708714e-10	0
8.07551558594e-10	0
8.07908408473e-10	0
8.08265258353e-10	0
8.08622108233e-10	0
8.08978958113e-10	0
8.09335807993e-10	0
8.09692657873e-10	0
8.10049507752e-10	0
8.10406357632e-10	0
8.10763207512e-10	0
8.11120057392e-10	0
8.11476907272e-10	0
8.11833757151e-10	0
8.12190607031e-10	0
8.12547456911e-10	0
8.12904306791e-10	0
8.13261156671e-10	0
8.13618006551e-10	0
8.1397485643e-10	0
8.1433170631e-10	0
8.1468855619e-10	0
8.1504540607e-10	0
8.1540225595e-10	0
8.1575910583e-10	0
8.16115955709e-10	0
8.16472805589e-10	0
8.16829655469e-10	0
8.17186505349e-10	0
8.17543355229e-10	0
8.17900205109e-10	0
8.18257054988e-10	0
8.18613904868e-10	0
8.18970754748e-10	0
8.19327604628e-10	0
8.19684454508e-10	0
8.20041304388e-10	0
8.20398154267e-10	0
8.20755004147e-10	0
8.21111854027e-10	0
8.21468703907e-10	0
8.21825553787e-10	0
8.22182403666e-10	0
8.22539253546e-10	0
8.22896103426e-10	0
8.23252953306e-10	0
8.23609803186e-10	0
8.23966653066e-10	0
8.24323502945e-10	0
8.24680352825e-10	0
8.25037202705e-10	0
8.25394052585e-10	0
8.25750902465e-10	0
8.26107752345e-10	0
8.26464602224e-10	0
8.26821452104e-10	0
8.27178301984e-10	0
8.27535151864e-10	0
8.27892001744e-10	0
8.28248851624e-10	0
8.28605701503e-10	0
8.28962551383e-10	0
8.29319401263e-10	0
8.29676251143e-10	0
8.30033101023e-10	0
8.30389950903e-10	0
8.30746800782e-10	0
8.31103650662e-10	0
8.31460500542e-10	0
8.31817350422e-10	0
8.32174200302e-10	0
8.32531050182e-10	0
8.32887900061e-10	0
8.33244749941e-10	0
8.33601599821e-10	0
8.33958449701e-10	0
8.34315299581e-10	0
8.3467214946e-10	0
8.3502899934e-10	0
8.3538584922e-10	0
8.357426991e-10	0
8.3609954898e-10	0
8.3645639886e-10	0
8.36813248739e-10	0
8.37170098619e-10	0
8.37526948499e-10	0
8.37883798379e-10	0
8.38240648259e-10	0
8.38597498139e-10	0
8.38954348018e-10	0
8.39311197898e-10	0
8.39668047778e-10	0
8.40024897658e-10	0
8.40381747538e-10	0
8.40738597418e-10	0
8.41095447297e-10	0
8.41452297177e-10	0
8.41809147057e-10	0
8.42165996937e-10	0
8.42522846817e-10	0
8.42879696697e-10	0
8.43236546576e-10	0
8.43593396456e-10	0
8.43950246336e-10	0
8.44307096216e-10	0
8.44663946096e-10	0
8.45020795976e-10	0
8.45377645855e-10	0
8.45734495735e-10	0
8.46091345615e-10	0
8.46448195495e-10	0
8.46805045375e-10	0
8.47161895254e-10	0
8.47518745134e-10	0
8.47875595014e-10	0
8.48232444894e-10	0
8.48589294774e-10	0
8.48946144654e-10	0
8.49302994533e-10	0
8.49659844413e-10	0
8.50016694293e-10	0
8.50373544173e-10	0
8.50730394053e-10	0
8.51087243933e-10	0
8.51444093812e-10	0
8.51800943692e-10	0
8.52157793572e-10	0
8.52514643452e-10	0
8.52871493332e-10	0
8.53228343212e-10	0
8.53585193091e-10	0
8.53942042971e-10	0
8.54298892851e-10	0
8.54655742731e-10	0
8.55012592611e-10	0
8.55369442491e-10	0
8.5572629237e-10	0
8.5608314225e-10	0
8.5643999213e-10	0
8.5679684201e-10	0
8.5715369189e-10	0
8.57510541769e-10	0
8.57867391649e-10	0
8.58224241529e-10	0
8.58581091409e-10	0
8.58937941289e-10	0
8.59294791169e-10	0
8.59651641048e-10	0
8.60008490928e-10	0
8.60365340808e-10	0
8.60722190688e-10	0
8.61079040568e-10	0
8.61435890448e-10	0
8.61792740327e-10	0
8.62149590207e-10	0
8.62506440087e-10	0
8.62863289967e-10	0
8.63220139847e-10	0
8.63576989727e-10	0
8.63933839606e-10	0
8.64290689486e-10	0
8.64647539366e-10	0
8.65004389246e-10	0
8.65361239126e-10	0
8.65718089006e-10	0
8.66074938885e-10	0
8.66431788765e-10	0
8.66788638645e-10	0
8.67145488525e-10	0
8.67502338405e-10	0
8.67859188285e-10	0
8.68216038164e-10	0
8.68572888044e-10	0
8.68929737924e-10	0
8.69286587804e-10	0
8.69643437684e-10	0
8.70000287563e-10	0
8.70357137443e-10	0
8.70713987323e-10	0
8.71070837203e-10	0
8.71427687083e-10	0
8.71784536963e-10	0
8.72141386842e-10	0
8.72498236722e-10	0
8.72855086602e-10	0
8.73211936482e-10	0
8.73568786362e-10	0
8.73925636242e-10	0
8.74282486121e-10	0
8.74639336001e-10	0
8.74996185881e-10	0
8.75353035761e-10	0
8.75709885641e-10	0
8.76066735521e-10	0
8.764235854e-10	0
8.7678043528e-10	0
8.7713728516e-10	0
8.7749413504e-10	0
8.7785098492e-10	0
8.782078348e-10	0
8.78564684679e-10	0
8.78921534559e-10	0
8.79278384439e-10	0
8.79635234319e-10	0
8.79992084199e-10	0
8.80348934078e-10	0
8.80705783958e-10	0
8.81062633838e-10	0
8.81419483718e-10	0
8.81776333598e-10	0
8.82133183478e-10	0
8.82490033357e-10	0
8.82846883237e-10	0
8.83203733117e-10	0
8.83560582997e-10	0
8.83917432877e-10	0
8.84274282757e-10	0
8.84631132636e-10	0
8.84987982516e-10	0
8.85344832396e-10	0
8.85701682276e-10	0
8.86058532156e-10	0
8.86415382036e-10	0
8.86772231915e-10	0
8.87129081795e-10	0
8.87485931675e-10	0
8.87842781555e-10	0
8.88199631435e-10	0
8.88556481315e-10	0
8.88913331194e-10	0
8.89270181074e-10	0
8.89627030954e-10	0
8.89983880834e-10	0
8.90340730714e-10	0
8.90697580594e-10	0
8.91054430473e-10	0
8.91411280353e-10	0
8.91768130233e-10	0
8.92124980113e-10	0
8.92481829993e-10	0
8.92838679872e-10	0
8.93195529752e-10	0
8.93552379632e-10	0
8.93909229512e-10	0
8.94266079392e-10	0
8.94622929272e-10	0
8.94979779151e-10	0
8.95336629031e-10	0
8.95693478911e-10	0
8.96050328791e-10	0
8.96407178671e-10	0
8.96764028551e-10	0
8.9712087843e-10	0
8.9747772831e-10	0
8.9783457819e-10	0
8.9819142807e-10	0
8.9854827795e-10	0
8.9890512783e-10	0
8.99261977709e-10	0
8.99618827589e-10	0
8.99975677469e-10	0
9.00332527349e-10	0
9.00689377229e-10	0
9.01046227109e-10	0
9.01403076988e-10	0
9.01759926868e-10	0
9.02116776748e-10	0
9.02473626628e-10	0
9.02830476508e-10	0
9.03187326387e-10	0
9.03544176267e-10	0
9.03901026147e-10	0
9.04257876027e-10	0
9.04614725907e-10	0
9.04971575787e-10	0
9.05328425666e-10	0
9.05685275546e-10	0
9.06042125426e-10	0
9.06398975306e-10	0
9.06755825186e-10	0
9.07112675066e-10	0
9.07469524945e-10	0
9.07826374825e-10	0
9.08183224705e-10	0
9.08540074585e-10	0
9.08896924465e-10	0
9.09253774345e-10	0
9.09610624224e-10	0
9.09967474104e-10	0
9.10324323984e-10	0
9.10681173864e-10	0
9.11038023744e-10	0
9.11394873624e-10	0
9.11751723503e-10	0
9.12108573383e-10	0
9.12465423263e-10	0
9.12822273143e-10	0
9.13179123023e-10	0
9.13535972903e-10	0
9.13892822782e-10	0
9.14249672662e-10	0
9.14606522542e-10	0
9.14963372422e-10	0
9.15320222302e-10	0
9.15677072181e-10	0
9.16033922061e-10	0
9.16390771941e-10	0
9.16747621821e-10	0
9.17104471701e-10	0
9.17461321581e-10	0
9.1781817146e-10	0
9.1817502134e-10	0
9.1853187122e-10	0
9.188887211e-10	0
9.1924557098e-10	0
9.1960242086e-10	0
9.19959270739e-10	0
9.20316120619e-10	0
9.20672970499e-10	0
9.21029820379e-10	0
9.21386670259e-10	0
9.21743520139e-10	0
9.22100370018e-10	0
9.22457219898e-10	0
9.22814069778e-10	0
9.23170919658e-10	0
9.23527769538e-10	0
9.23884619418e-10	0
9.24241469297e-10	0
9.24598319177e-10	0
9.24955169057e-10	0
9.25312018937e-10	0
9.25668868817e-10	0
9.26025718697e-10	0
9.26382568576e-10	0
9.26739418456e-10	0
9.27096268336e-10	0
9.27453118216e-10	0
9.27809968096e-10	0
9.28166817975e-10	0
9.28523667855e-10	0
9.28880517735e-10	0
9.29237367615e-10	0
9.29594217495e-10	0
9.29951067375e-10	0
9.30307917254e-10	0
9.30664767134e-10	0
9.31021617014e-10	0
9.31378466894e-10	0
9.31735316774e-10	0
9.32092166654e-10	0
9.32449016533e-10	0
9.32805866413e-10	0
9.33162716293e-10	0
9.33519566173e-10	0
9.33876416053e-10	0
9.34233265933e-10	0
9.34590115812e-10	0
9.34946965692e-10	0
9.35303815572e-10	0
9.35660665452e-10	0
9.36017515332e-10	0
9.36374365212e-10	0
9.36731215091e-10	0
9.37088064971e-10	0
9.37444914851e-10	0
9.37801764731e-10	0
9.38158614611e-10	0
9.3851546449e-10	0
9.3887231437e-10	0
9.3922916425e-10	0
9.3958601413e-10	0
9.3994286401e-10	0
9.4029971389e-10	0
9.40656563769e-10	0
9.41013413649e-10	0
9.41370263529e-10	0
9.41727113409e-10	0
9.42083963289e-10	0
9.42440813169e-10	0
9.42797663048e-10	0
9.43154512928e-10	0
9.43511362808e-10	0
9.43868212688e-10	0
9.44225062568e-10	0
9.44581912448e-10	0
9.44938762327e-10	0
9.45295612207e-10	0
9.45652462087e-10	0
9.46009311967e-10	0
9.46366161847e-10	0
9.46723011727e-10	0
9.47079861606e-10	0
9.47436711486e-10	0
9.47793561366e-10	0
9.48150411246e-10	0
9.48507261126e-10	0
9.48864111006e-10	0
9.49220960885e-10	0
9.49577810765e-10	0
9.49934660645e-10	0
9.50291510525e-10	0
9.50648360405e-10	0
9.51005210284e-10	0
9.51362060164e-10	0
9.51718910044e-10	0
9.52075759924e-10	0
9.52432609804e-10	0
9.52789459684e-10	0
9.53146309563e-10	0
9.53503159443e-10	0
9.53860009323e-10	0
9.54216859203e-10	0
9.54573709083e-10	0
9.54930558963e-10	0
9.55287408842e-10	0
9.55644258722e-10	0
9.56001108602e-10	0
9.56357958482e-10	0
9.56714808362e-10	0
9.57071658242e-10	0
9.57428508121e-10	0
9.57785358001e-10	0
9.58142207881e-10	0
9.58499057761e-10	0
9.58855907641e-10	0
9.59212757521e-10	0
9.595696074e-10	0
9.5992645728e-10	0
9.6028330716e-10	0
9.6064015704e-10	0
9.6099700692e-10	0
9.61353856799e-10	0
9.61710706679e-10	0
9.62067556559e-10	0
9.62424406439e-10	0
9.62781256319e-10	0
9.63138106199e-10	0
9.63494956078e-10	0
9.63851805958e-10	0
9.64208655838e-10	0
9.64565505718e-10	0
9.64922355598e-10	0
9.65279205478e-10	0
9.65636055357e-10	0
9.65992905237e-10	0
9.66349755117e-10	0
9.66706604997e-10	0
9.67063454877e-10	0
9.67420304757e-10	0
9.67777154636e-10	0
9.68134004516e-10	0
9.68490854396e-10	0
9.68847704276e-10	0
9.69204554156e-10	0
9.69561404036e-10	0
9.69918253915e-10	0
9.70275103795e-10	0
9.70631953675e-10	0
9.70988803555e-10	0
9.71345653435e-10	0
9.71702503315e-10	0
9.72059353194e-10	0
9.72416203074e-10	0
9.72773052954e-10	0
9.73129902834e-10	0
9.73486752714e-10	0
9.73843602593e-10	0
9.74200452473e-10	0
9.74557302353e-10	0
9.74914152233e-10	0
9.75271002113e-10	0
9.75627851993e-10	0
9.75984701872e-10	0
9.76341551752e-10	0
9.76698401632e-10	0
9.77055251512e-10	0
9.77412101392e-10	0
9.77768951272e-10	0
9.78125801151e-10	0
9.78482651031e-10	0
9.78839500911e-10	0
9.79196350791e-10	0
9.79553200671e-10	0
9.79910050551e-10	0
9.8026690043e-10	0
9.8062375031e-10	0
9.8098060019e-10	0
9.8133745007e-10	0
9.8169429995e-10	0
9.8205114983e-10	0
9.82407999709e-10	0
9.82764849589e-10	0
9.83121699469e-10	0
9.83478549349e-10	0
9.83835399229e-10	0
9.84192249108e-10	0
9.84549098988e-10	0
9.84905948868e-10	0
9.85262798748e-10	0
9.85619648628e-10	0
9.85976498508e-10	0
9.86333348387e-10	0
9.86690198267e-10	0
9.87047048147e-10	0
9.87403898027e-10	0
9.87760747907e-10	0
9.88117597787e-10	0
9.88474447666e-10	0
9.88831297546e-10	0
9.89188147426e-10	0
9.89544997306e-10	0
9.89901847186e-10	0
9.90258697066e-10	0
9.90615546945e-10	0
9.90972396825e-10	0
9.91329246705e-10	0
9.91686096585e-10	0
9.92042946465e-10	0
9.92399796345e-10	0
9.92756646224e-10	0
9.93113496104e-10	0
9.93470345984e-10	0
9.93827195864e-10	0
9.94184045744e-10	0
9.94540895624e-10	0
9.94897745503e-10	0
9.95254595383e-10	0
9.95611445263e-10	0
9.95968295143e-10	0
9.96325145023e-10	0
9.96681994902e-10	0
9.97038844782e-10	0
9.97395694662e-10	0
9.97752544542e-10	0
9.98109394422e-10	0
9.98466244302e-10	0
9.98823094181e-10	0
9.99179944061e-10	0
9.99536793941e-10	0
9.99893643821e-10	0
1.0002504937e-09	0
1.00060734358e-09	0
1.00096419346e-09	0
1.00132104334e-09	0
1.00167789322e-09	0
1.0020347431e-09	0
1.00239159298e-09	0
1.00274844286e-09	0
1.00310529274e-09	0
1.00346214262e-09	0
1.0038189925e-09	0
1.00417584238e-09	0
1.00453269226e-09	0
1.00488954214e-09	0
1.00524639202e-09	0
1.0056032419e-09	0
1.00596009178e-09	0
1.00631694166e-09	0
1.00667379154e-09	0
1.00703064142e-09	0
1.0073874913e-09	0
1.00774434118e-09	0
1.00810119106e-09	0
1.00845804094e-09	0
1.00881489082e-09	0
1.0091717407e-09	0
1.00952859058e-09	0
1.00988544046e-09	0
1.01024229034e-09	0
1.01059914022e-09	0
1.0109559901e-09	0
1.01131283998e-09	0
1.01166968986e-09	0
1.01202653974e-09	0
1.01238338961e-09	0
1.01274023949e-09	0
1.01309708937e-09	0
1.01345393925e-09	0
1.01381078913e-09	0
1.01416763901e-09	0
1.01452448889e-09	0
1.01488133877e-09	0
1.01523818865e-09	0
1.01559503853e-09	0
1.01595188841e-09	0
1.01630873829e-09	0
1.01666558817e-09	0
1.01702243805e-09	0
1.01737928793e-09	0
1.01773613781e-09	0
1.01809298769e-09	0
1.01844983757e-09	0
1.01880668745e-09	0
1.01916353733e-09	0
1.01952038721e-09	0
1.01987723709e-09	0
1.02023408697e-09	0
1.02059093685e-09	0
1.02094778673e-09	0
1.02130463661e-09	0
1.02166148649e-09	0
1.02201833637e-09	0
1.02237518625e-09	0
1.02273203613e-09	0
1.02308888601e-09	0
1.02344573589e-09	0
1.02380258577e-09	0
1.02415943565e-09	0
1.02451628553e-09	0
1.02487313541e-09	0
1.02522998529e-09	0
1.02558683517e-09	0
1.02594368505e-09	0
1.02630053493e-09	0
1.02665738481e-09	0
1.02701423469e-09	0
1.02737108457e-09	0
1.02772793445e-09	0
1.02808478433e-09	0
1.02844163421e-09	0
1.02879848409e-09	0
1.02915533397e-09	0
1.02951218385e-09	0
1.02986903373e-09	0
1.03022588361e-09	0
1.03058273349e-09	0
1.03093958337e-09	0
1.03129643325e-09	0
1.03165328313e-09	0
1.03201013301e-09	0
1.03236698289e-09	0
1.03272383277e-09	0
1.03308068264e-09	0
1.03343753252e-09	0
1.0337943824e-09	0
1.03415123228e-09	0
1.03450808216e-09	0
1.03486493204e-09	0
1.03522178192e-09	0
1.0355786318e-09	0
1.03593548168e-09	0
1.03629233156e-09	0
1.03664918144e-09	0
1.03700603132e-09	0
1.0373628812e-09	0
1.03771973108e-09	0
1.03807658096e-09	0
1.03843343084e-09	0
1.03879028072e-09	0
1.0391471306e-09	0
1.03950398048e-09	0
1.03986083036e-09	0
1.04021768024e-09	0
1.04057453012e-09	0
1.04093138e-09	0
1.04128822988e-09	0
1.04164507976e-09	0
1.04200192964e-09	0
1.04235877952e-09	0
1.0427156294e-09	0
1.04307247928e-09	0
1.04342932916e-09	0
1.04378617904e-09	0
1.04414302892e-09	0
1.0444998788e-09	0
1.04485672868e-09	0
1.04521357856e-09	0
1.04557042844e-09	0
1.04592727832e-09	0
1.0462841282e-09	0
1.04664097808e-09	0
1.04699782796e-09	0
1.04735467784e-09	0
1.04771152772e-09	0
1.0480683776e-09	0
1.04842522748e-09	0
1.04878207736e-09	0
1.04913892724e-09	0
1.04949577712e-09	0
1.049852627e-09	0
1.05020947688e-09	0
1.05056632676e-09	0
1.05092317664e-09	0
1.05128002652e-09	0
1.0516368764e-09	0
1.05199372628e-09	0
1.05235057616e-09	0
1.05270742604e-09	0
1.05306427592e-09	0
1.0534211258e-09	0
1.05377797567e-09	0
1.05413482555e-09	0
1.05449167543e-09	0
1.05484852531e-09	0
1.05520537519e-09	0
1.05556222507e-09	0
1.05591907495e-09	0
1.05627592483e-09	0
1.05663277471e-09	0
1.05698962459e-09	0
1.05734647447e-09	0
1.05770332435e-09	0
1.05806017423e-09	0
1.05841702411e-09	0
1.05877387399e-09	0
1.05913072387e-09	0
1.05948757375e-09	0
1.05984442363e-09	0
1.06020127351e-09	0
1.06055812339e-09	0
1.06091497327e-09	0
1.06127182315e-09	0
1.06162867303e-09	0
1.06198552291e-09	0
1.06234237279e-09	0
1.06269922267e-09	0
1.06305607255e-09	0
1.06341292243e-09	0
1.06376977231e-09	0
1.06412662219e-09	0
1.06448347207e-09	0
1.06484032195e-09	0
1.06519717183e-09	0
1.06555402171e-09	0
1.06591087159e-09	0
1.06626772147e-09	0
1.06662457135e-09	0
1.06698142123e-09	0
1.06733827111e-09	0
1.06769512099e-09	0
1.06805197087e-09	0
1.06840882075e-09	0
1.06876567063e-09	0
1.06912252051e-09	0
1.06947937039e-09	0
1.06983622027e-09	0
1.07019307015e-09	0
1.07054992003e-09	0
1.07090676991e-09	0
1.07126361979e-09	0
1.07162046967e-09	0
1.07197731955e-09	0
1.07233416943e-09	0
1.07269101931e-09	0
1.07304786919e-09	0
1.07340471907e-09	0
1.07376156895e-09	0
1.07411841883e-09	0
1.07447526871e-09	0
1.07483211858e-09	0
1.07518896846e-09	0
1.07554581834e-09	0
1.07590266822e-09	0
1.0762595181e-09	0
1.07661636798e-09	0
1.07697321786e-09	0
1.07733006774e-09	0
1.07768691762e-09	0
1.0780437675e-09	0
1.07840061738e-09	0
1.07875746726e-09	0
1.07911431714e-09	0
1.07947116702e-09	0
1.0798280169e-09	0
1.08018486678e-09	0
1.08054171666e-09	0
1.08089856654e-09	0
1.08125541642e-09	0
1.0816122663e-09	0
1.08196911618e-09	0
1.08232596606e-09	0
1.08268281594e-09	0
1.08303966582e-09	0
1.0833965157e-09	0
1.08375336558e-09	0
1.08411021546e-09	0
1.08446706534e-09	0
1.08482391522e-09	0
1.0851807651e-09	0
1.08553761498e-09	0
1.08589446486e-09	0
1.08625131474e-09	0
1.08660816462e-09	0
1.0869650145e-09	0
1.08732186438e-09	0
1.08767871426e-09	0
1.08803556414e-09	0
1.08839241402e-09	0
1.0887492639e-09	0
1.08910611378e-09	0
1.08946296366e-09	0
1.08981981354e-09	0
1.09017666342e-09	0
1.0905335133e-09	0
1.09089036318e-09	0
1.09124721306e-09	0
1.09160406294e-09	0
1.09196091282e-09	0
1.0923177627e-09	0
1.09267461258e-09	0
1.09303146246e-09	0
1.09338831234e-09	0
1.09374516222e-09	0
1.0941020121e-09	0
1.09445886198e-09	0
1.09481571186e-09	0
1.09517256174e-09	0
1.09552941161e-09	0
1.09588626149e-09	0
1.09624311137e-09	0
1.09659996125e-09	0
1.09695681113e-09	0
1.09731366101e-09	0
1.09767051089e-09	0
1.09802736077e-09	0
1.09838421065e-09	0
1.09874106053e-09	0
1.09909791041e-09	0
1.09945476029e-09	0
1.09981161017e-09	0
1.10016846005e-09	0
1.10052530993e-09	0
1.10088215981e-09	0
1.10123900969e-09	0
1.10159585957e-09	0
1.10195270945e-09	0
1.10230955933e-09	0
1.10266640921e-09	0
1.10302325909e-09	0
1.10338010897e-09	0
1.10373695885e-09	0
1.10409380873e-09	0
1.10445065861e-09	0
1.10480750849e-09	0
1.10516435837e-09	0
1.10552120825e-09	0
1.10587805813e-09	0
1.10623490801e-09	0
1.10659175789e-09	0
1.10694860777e-09	0
1.10730545765e-09	0
1.10766230753e-09	0
1.10801915741e-09	0
1.10837600729e-09	0
1.10873285717e-09	0
1.10908970705e-09	0
1.10944655693e-09	0
1.10980340681e-09	0
1.11016025669e-09	0
1.11051710657e-09	0
1.11087395645e-09	0
1.11123080633e-09	0
1.11158765621e-09	0
1.11194450609e-09	0
1.11230135597e-09	0
1.11265820585e-09	0
1.11301505573e-09	0
1.11337190561e-09	0
1.11372875549e-09	0
1.11408560537e-09	0
1.11444245525e-09	0
1.11479930513e-09	0
1.11515615501e-09	0
1.11551300489e-09	0
1.11586985477e-09	0
1.11622670464e-09	0
1.11658355452e-09	0
1.1169404044e-09	0
1.11729725428e-09	0
1.11765410416e-09	0
1.11801095404e-09	0
1.11836780392e-09	0
1.1187246538e-09	0
1.11908150368e-09	0
1.11943835356e-09	0
1.11979520344e-09	0
1.12015205332e-09	0
1.1205089032e-09	0
1.12086575308e-09	0
1.12122260296e-09	0
1.12157945284e-09	0
1.12193630272e-09	0
1.1222931526e-09	0
1.12265000248e-09	0
1.12300685236e-09	0
1.12336370224e-09	0
1.12372055212e-09	0
1.124077402e-09	0
1.12443425188e-09	0
1.12479110176e-09	0
1.12514795164e-09	0
1.12550480152e-09	0
1.1258616514e-09	0
1.12621850128e-09	0
1.12657535116e-09	0
1.12693220104e-09	0
1.12728905092e-09	0
1.1276459008e-09	0
1.12800275068e-09	0
1.12835960056e-09	0
1.12871645044e-09	0
1.12907330032e-09	0
1.1294301502e-09	0
1.12978700008e-09	0
1.13014384996e-09	0
1.13050069984e-09	0
1.13085754972e-09	0
1.1312143996e-09	0
1.13157124948e-09	0
1.13192809936e-09	0
1.13228494924e-09	0
1.13264179912e-09	0
1.132998649e-09	0
1.13335549888e-09	0
1.13371234876e-09	0
1.13406919864e-09	0
1.13442604852e-09	0
1.1347828984e-09	0
1.13513974828e-09	0
1.13549659816e-09	0
1.13585344804e-09	0
1.13621029792e-09	0
1.1365671478e-09	0
1.13692399767e-09	0
1.13728084755e-09	0
1.13763769743e-09	0
1.13799454731e-09	0
1.13835139719e-09	0
1.13870824707e-09	0
1.13906509695e-09	0
1.13942194683e-09	0
1.13977879671e-09	0
1.14013564659e-09	0
1.14049249647e-09	0
1.14084934635e-09	0
1.14120619623e-09	0
1.14156304611e-09	0
1.14191989599e-09	0
1.14227674587e-09	0
1.14263359575e-09	0
1.14299044563e-09	0
1.14334729551e-09	0
1.14370414539e-09	0
1.14406099527e-09	0
1.14441784515e-09	0
1.14477469503e-09	0
1.14513154491e-09	0
1.14548839479e-09	0
1.14584524467e-09	0
1.14620209455e-09	0
1.14655894443e-09	0
1.14691579431e-09	0
1.14727264419e-09	0
1.14762949407e-09	0
1.14798634395e-09	0
1.14834319383e-09	0
1.14870004371e-09	0
1.14905689359e-09	0
1.14941374347e-09	0
1.14977059335e-09	0
1.15012744323e-09	0
1.15048429311e-09	0
1.15084114299e-09	0
1.15119799287e-09	0
1.15155484275e-09	0
1.15191169263e-09	0
1.15226854251e-09	0
1.15262539239e-09	0
1.15298224227e-09	0
1.15333909215e-09	0
1.15369594203e-09	0
1.15405279191e-09	0
1.15440964179e-09	0
1.15476649167e-09	0
1.15512334155e-09	0
1.15548019143e-09	0
1.15583704131e-09	0
1.15619389119e-09	0
1.15655074107e-09	0
1.15690759095e-09	0
1.15726444083e-09	0
1.1576212907e-09	0
1.15797814058e-09	0
1.15833499046e-09	0
1.15869184034e-09	0
1.15904869022e-09	0
1.1594055401e-09	0
1.15976238998e-09	0
1.16011923986e-09	0
1.16047608974e-09	0
1.16083293962e-09	0
1.1611897895e-09	0
1.16154663938e-09	0
1.16190348926e-09	0
1.16226033914e-09	0
1.16261718902e-09	0
1.1629740389e-09	0
1.16333088878e-09	0
1.16368773866e-09	0
1.16404458854e-09	0
1.16440143842e-09	0
1.1647582883e-09	0
1.16511513818e-09	0
1.16547198806e-09	0
1.16582883794e-09	0
1.16618568782e-09	0
1.1665425377e-09	0
1.16689938758e-09	0
1.16725623746e-09	0
1.16761308734e-09	0
1.16796993722e-09	0
1.1683267871e-09	0
1.16868363698e-09	0
1.16904048686e-09	0
1.16939733674e-09	0
1.16975418662e-09	0
1.1701110365e-09	0
1.17046788638e-09	0
1.17082473626e-09	0
1.17118158614e-09	0
1.17153843602e-09	0
1.1718952859e-09	0
1.17225213578e-09	0
1.17260898566e-09	0
1.17296583554e-09	0
1.17332268542e-09	0
1.1736795353e-09	0
1.17403638518e-09	0
1.17439323506e-09	0
1.17475008494e-09	0
1.17510693482e-09	0
1.1754637847e-09	0
1.17582063458e-09	0
1.17617748446e-09	0
1.17653433434e-09	0
1.17689118422e-09	0
1.1772480341e-09	0
1.17760488398e-09	0
1.17796173386e-09	0
1.17831858374e-09	0
1.17867543361e-09	0
1.17903228349e-09	0
1.17938913337e-09	0
1.17974598325e-09	0
1.18010283313e-09	0
1.18045968301e-09	0
1.18081653289e-09	0
1.18117338277e-09	0
1.18153023265e-09	0
1.18188708253e-09	0
1.18224393241e-09	0
1.18260078229e-09	0
1.18295763217e-09	0
1.18331448205e-09	0
1.18367133193e-09	0
1.18402818181e-09	0
1.18438503169e-09	0
1.18474188157e-09	0
1.18509873145e-09	0
1.18545558133e-09	0
1.18581243121e-09	0
1.18616928109e-09	0
1.18652613097e-09	0
1.18688298085e-09	0
1.18723983073e-09	0
1.18759668061e-09	0
1.18795353049e-09	0
1.18831038037e-09	0
1.18866723025e-09	0
1.18902408013e-09	0
1.18938093001e-09	0
1.18973777989e-09	0
1.19009462977e-09	0
1.19045147965e-09	0
1.19080832953e-09	0
1.19116517941e-09	0
1.19152202929e-09	0
1.19187887917e-09	0
1.19223572905e-09	0
1.19259257893e-09	0
1.19294942881e-09	0
1.19330627869e-09	0
1.19366312857e-09	0
1.19401997845e-09	0
1.19437682833e-09	0
1.19473367821e-09	0
1.19509052809e-09	0
1.19544737797e-09	0
1.19580422785e-09	0
1.19616107773e-09	0
1.19651792761e-09	0
1.19687477749e-09	0
1.19723162737e-09	0
1.19758847725e-09	0
1.19794532713e-09	0
1.19830217701e-09	0
1.19865902689e-09	0
1.19901587677e-09	0
1.19937272664e-09	0
1.19972957652e-09	0
1.2000864264e-09	0
1.20044327628e-09	0
1.20080012616e-09	0
1.20115697604e-09	0
1.20151382592e-09	0
1.2018706758e-09	0
1.20222752568e-09	0
1.20258437556e-09	0
1.20294122544e-09	0
1.20329807532e-09	0
1.2036549252e-09	0
1.20401177508e-09	0
1.20436862496e-09	0
1.20472547484e-09	0
1.20508232472e-09	0
1.2054391746e-09	0
1.20579602448e-09	0
1.20615287436e-09	0
1.20650972424e-09	0
1.20686657412e-09	0
1.207223424e-09	0
1.20758027388e-09	0
1.20793712376e-09	0
1.20829397364e-09	0
1.20865082352e-09	0
1.2090076734e-09	0
1.20936452328e-09	0
1.20972137316e-09	0
1.21007822304e-09	0
1.21043507292e-09	0
1.2107919228e-09	0
1.21114877268e-09	0
1.21150562256e-09	0
1.21186247244e-09	0
1.21221932232e-09	0
1.2125761722e-09	0
1.21293302208e-09	0
1.21328987196e-09	0
1.21364672184e-09	0
1.21400357172e-09	0
1.2143604216e-09	0
1.21471727148e-09	0
1.21507412136e-09	0
1.21543097124e-09	0
1.21578782112e-09	0
1.216144671e-09	0
1.21650152088e-09	0
1.21685837076e-09	0
1.21721522064e-09	0
1.21757207052e-09	0
1.2179289204e-09	0
1.21828577028e-09	0
1.21864262016e-09	0
1.21899947004e-09	0
1.21935631992e-09	0
1.2197131698e-09	0
1.22007001967e-09	0
1.22042686955e-09	0
1.22078371943e-09	0
1.22114056931e-09	0
1.22149741919e-09	0
1.22185426907e-09	0
1.22221111895e-09	0
1.22256796883e-09	0
1.22292481871e-09	0
1.22328166859e-09	0
1.22363851847e-09	0
1.22399536835e-09	0
1.22435221823e-09	0
1.22470906811e-09	0
1.22506591799e-09	0
1.22542276787e-09	0
1.22577961775e-09	0
1.22613646763e-09	0
1.22649331751e-09	0
1.22685016739e-09	0
1.22720701727e-09	0
1.22756386715e-09	0
1.22792071703e-09	0
1.22827756691e-09	0
1.22863441679e-09	0
1.22899126667e-09	0
1.22934811655e-09	0
1.22970496643e-09	0
1.23006181631e-09	0
1.23041866619e-09	0
1.23077551607e-09	0
1.23113236595e-09	0
1.23148921583e-09	0
1.23184606571e-09	0
1.23220291559e-09	0
1.23255976547e-09	0
1.23291661535e-09	0
1.23327346523e-09	0
1.23363031511e-09	0
1.23398716499e-09	0
1.23434401487e-09	0
1.23470086475e-09	0
1.23505771463e-09	0
