% time-domain voltage integration by openEMS v0.0.35-108-gc651cce @Wed Mar 12 09:31:07 2025
% start-coordinates: (-7.246e-05,-4.26269e-05,0.00015727) m -> [26,72,46]
% stop-coordinates: (-7.246e-05,-4.26269e-05,0.00016498) m -> [26,72,74]
% t/s	voltage
0	-0
3.56780456686e-13	1.1195318392e-10
7.13560913371e-13	-1.58578622889e-10
1.07034137006e-12	-4.3635671465e-11
1.42712182674e-12	1.29775988133e-10
1.78390228343e-12	4.91187392843e-10
2.14068274011e-12	1.31784191199e-09
2.4974631968e-12	2.61059561468e-09
2.85424365349e-12	4.16272061265e-09
3.21102411017e-12	5.04193171935e-09
3.56780456686e-12	3.54180153261e-09
3.92458502354e-12	-2.70599242319e-09
4.28136548023e-12	-1.5708267409e-08
4.63814593691e-12	-3.52631372991e-08
4.9949263936e-12	-5.72063085791e-08
5.35170685028e-12	-7.22232635919e-08
5.70848730697e-12	-6.78209588489e-08
6.06526776366e-12	-3.31576301971e-08
6.42204822034e-12	3.39415980877e-08
6.77882867703e-12	1.214074552e-07
7.13560913371e-12	2.0291804903e-07
7.4923895904e-12	2.45640293883e-07
7.84917004708e-12	2.24058835485e-07
8.20595050377e-12	1.33503637922e-07
8.56273096046e-12	-4.08187311035e-09
8.91951141714e-12	-1.46578877036e-07
9.27629187383e-12	-2.48414898429e-07
9.63307233051e-12	-2.79466462416e-07
9.9898527872e-12	-2.36836047662e-07
1.03466332439e-11	-1.43647986395e-07
1.07034137006e-11	-3.67171151261e-08
1.10601941573e-11	4.98875856181e-08
1.14169746139e-11	9.71302505093e-08
1.17737550706e-11	1.04174178173e-07
1.21305355273e-11	8.33604447692e-08
1.2487315984e-11	5.1417886282e-08
1.28440964407e-11	2.19107772481e-08
1.32008768974e-11	1.78895774583e-09
1.35576573541e-11	-8.09387823431e-09
1.39144378107e-11	-1.03782336336e-08
1.42712182674e-11	-8.56112852832e-09
1.46279987241e-11	-5.4188543791e-09
1.49847791808e-11	-2.56723105274e-09
1.53415596375e-11	-6.64143174484e-10
1.56983400942e-11	2.48754840511e-10
1.60551205509e-11	4.34541085406e-10
1.64119010075e-11	2.70371326022e-10
1.67686814642e-11	8.67832112596e-11
1.71254619209e-11	-3.63183787514e-11
1.74822423776e-11	7.51032380817e-11
1.78390228343e-11	2.17617377243e-10
1.8195803291e-11	2.56665118846e-10
1.85525837477e-11	1.79762401579e-10
1.89093642043e-11	5.16290146486e-11
1.9266144661e-11	-4.10248421606e-11
1.96229251177e-11	-4.5479034926e-11
1.99797055744e-11	1.37113888494e-11
2.03364860311e-11	7.79797925451e-11
2.06932664878e-11	9.82483146488e-11
2.10500469445e-11	6.81791721604e-11
2.14068274011e-11	1.14940865934e-11
2.17636078578e-11	-2.29101519114e-11
2.21203883145e-11	-1.66532382502e-11
2.24771687712e-11	1.6563121778e-11
2.28339492279e-11	5.31370109589e-11
2.31907296846e-11	6.8660283405e-11
2.35475101413e-11	4.56277263151e-11
2.39042905979e-11	2.1026848394e-11
2.42610710546e-11	5.45993940401e-12
2.46178515113e-11	9.28121310004e-12
