% time-domain current integration by openEMS v0.0.35-108-gc651cce @Wed Mar 12 09:31:07 2025
% start-coordinates: (-4.6935e-05,-5.22e-05,0.00015527) m -> [81,46,39]
% stop-coordinates: (-4.6935e-05,-3.33525e-05,0.00015624) m -> [81,96,42]
% t/s	current
2.44035880086e-16	-0
3.57024492566e-13	-3.14982783779e-12
7.13804949251e-13	1.31599104444e-12
1.07058540594e-12	-1.44999758728e-11
1.42736586262e-12	-4.22930336585e-11
1.78414631931e-12	-1.00301621175e-10
2.14092677599e-12	-1.84044682272e-10
2.49770723268e-12	-2.74814615508e-10
2.85448768937e-12	-3.08098629942e-10
3.21126814605e-12	-1.71168593188e-10
3.56804860274e-12	2.75214795398e-10
3.92482905942e-12	1.13433307192e-09
4.28160951611e-12	2.37132202763e-09
4.63838997279e-12	3.7033642819e-09
4.99517042948e-12	4.57225546313e-09
5.35195088616e-12	4.26041335544e-09
5.70873134285e-12	2.18082996106e-09
6.06551179954e-12	-1.75006764636e-09
6.42229225622e-12	-6.83108680732e-09
6.77907271291e-12	-1.16106333437e-08
7.13585316959e-12	-1.43185925339e-08
7.49263362628e-12	-1.35857423089e-08
7.84941408296e-12	-9.12595687907e-09
8.20619453965e-12	-2.01168237624e-09
8.56297499634e-12	5.65396174323e-09
8.91975545302e-12	1.15536611389e-08
9.27653590971e-12	1.40778739777e-08
9.63331636639e-12	1.29010917505e-08
9.99009682308e-12	8.96925733684e-09
1.03468772798e-11	3.95385191254e-09
1.07036577364e-11	-4.95565921632e-10
1.10604381931e-11	-3.33853455992e-09
1.14172186498e-11	-4.3443462161e-09
1.17739991065e-11	-3.92270571581e-09
1.21307795632e-11	-2.76466893823e-09
1.24875600199e-11	-1.50305767832e-09
1.28443404766e-11	-5.24252752321e-10
1.32011209332e-11	4.93934546042e-11
1.35579013899e-11	2.76401290744e-10
1.39146818466e-11	2.87772000673e-10
1.42714623033e-11	2.068205468e-10
1.462824276e-11	1.14724466038e-10
1.49850232167e-11	4.83737945534e-11
1.53418036734e-11	1.3812151943e-11
1.569858413e-11	2.05894546204e-12
1.60553645867e-11	9.0646370618e-13
1.64121450434e-11	2.16210469667e-12
1.67689255001e-11	3.64480147452e-12
1.71257059568e-11	1.48639000414e-12
1.74824864135e-11	-1.61843628776e-13
1.78392668702e-11	3.35145973474e-13
1.81960473268e-11	2.10324119232e-12
1.85528277835e-11	3.57025693731e-12
1.89096082402e-11	3.87583194705e-12
1.92663886969e-11	2.94475294843e-12
1.96231691536e-11	1.56942579592e-12
1.99799496103e-11	6.97813118053e-13
2.0336730067e-11	8.63404616899e-13
2.06935105236e-11	1.50379882158e-12
2.10502909803e-11	2.23319713416e-12
2.1407071437e-11	2.31885192471e-12
2.17638518937e-11	1.74372343821e-12
2.21206323504e-11	9.8801544203e-13
2.24774128071e-11	7.55279953163e-13
2.28341932638e-11	8.3606624228e-13
2.31909737204e-11	1.275499888e-12
2.35477541771e-11	1.44238549056e-12
2.39045346338e-11	1.43676281809e-12
2.42613150905e-11	1.15726026852e-12
2.46180955472e-11	7.82671020008e-13
