% time-domain current integration by openEMS v0.0.35-108-gc651cce @Thu Mar  6 15:50:54 2025
% start-coordinates: (-3.45e-06,-1.8045e-05,0.00015521) m -> [97,39,40]
% stop-coordinates: (-1.19e-06,7.95e-07,0.00015521) m -> [102,88,40]
% t/s	current
2.23353918557e-16	0
3.57142915773e-13	-3.48541528972e-10
7.14062477628e-13	-3.16671244782e-10
1.07098203948e-12	1.27827470831e-10
1.42790160134e-12	1.74334324754e-09
1.78482116319e-12	5.54235635164e-09
2.14174072505e-12	1.26219568131e-08
2.4986602869e-12	2.32256294197e-08
2.85557984876e-12	3.51736595405e-08
3.21249941061e-12	4.19745624924e-08
3.56941897247e-12	3.16689323654e-08
3.92633853432e-12	-1.18018022022e-08
4.28325809617e-12	-1.03191524659e-07
4.64017765803e-12	-2.46413662808e-07
4.99709721988e-12	-4.23686714157e-07
5.35401678174e-12	-5.89215233049e-07
5.71093634359e-12	-6.74068985518e-07
6.06785590545e-12	-6.05808111231e-07
6.4247754673e-12	-3.3901039842e-07
6.78169502916e-12	1.15135868839e-07
7.13861459101e-12	6.76113529607e-07
7.49553415287e-12	1.20933646031e-06
7.85245371472e-12	1.56826536113e-06
8.20937327658e-12	1.64765071986e-06
8.56629283843e-12	1.42428291383e-06
8.92321240029e-12	9.6603844213e-07
9.28013196214e-12	4.04935263987e-07
9.63705152399e-12	-1.13000645285e-07
9.99397108585e-12	-4.77586922898e-07
1.03508906477e-11	-6.43767577913e-07
1.07078102096e-11	-6.31583759514e-07
1.10647297714e-11	-5.03067326463e-07
1.14216493333e-11	-3.30666722448e-07
1.17785688951e-11	-1.71762138734e-07
1.2135488457e-11	-5.69780951309e-08
1.24924080188e-11	8.11165179471e-09
1.28493275807e-11	3.37033938536e-08
1.32062471425e-11	3.53417703991e-08
1.35631667044e-11	2.66676725147e-08
1.39200862663e-11	1.63808788756e-08
1.42770058281e-11	8.41247427275e-09
1.463392539e-11	3.54668094893e-09
1.49908449518e-11	1.11730646957e-09
1.53477645137e-11	1.47317588683e-10
1.57046840755e-11	-1.20972315498e-10
1.60616036374e-11	-1.28952251655e-10
1.64185231992e-11	-8.92890206217e-11
1.67754427611e-11	-1.46468184803e-10
1.71323623229e-11	-1.49974629937e-10
1.74892818848e-11	-1.47701295639e-10
1.78462014467e-11	-1.45351841674e-10
1.82031210085e-11	-1.50974094337e-10
1.85600405704e-11	-1.56158544429e-10
1.89169601322e-11	-1.60999324983e-10
1.92738796941e-11	-1.62317131958e-10
1.96307992559e-11	-1.61250374164e-10
1.99877188178e-11	-1.60021690343e-10
2.03446383796e-11	-1.60296831364e-10
2.07015579415e-11	-1.61838042967e-10
2.10584775033e-11	-1.64958713356e-10
2.14153970652e-11	-1.67646369009e-10
2.17723166271e-11	-1.68930355815e-10
2.21292361889e-11	-1.67989844257e-10
2.24861557508e-11	-1.68601896333e-10
2.28430753126e-11	-1.68670410972e-10
2.31999948745e-11	-1.70560690571e-10
2.35569144363e-11	-1.72730704739e-10
2.39138339982e-11	-1.74651196283e-10
2.427075356e-11	-1.74372197237e-10
2.46276731219e-11	-1.75441494665e-10
2.49845926837e-11	-1.75582826056e-10
2.53415122456e-11	-1.76200540269e-10
2.56984318075e-11	-1.76951397979e-10
