% time-domain voltage integration by openEMS v0.0.35-108-gc651cce @Wed Mar 12 09:31:07 2025
% start-coordinates: (-4.4935e-05,-4.26269e-05,0.000155995) m -> [87,72,41]
% stop-coordinates: (-4.8335e-05,-4.26269e-05,0.000155995) m -> [77,72,41]
% t/s	voltage
0	-0
3.56780456686e-13	9.73892336133e-11
7.13560913371e-13	-7.89111779934e-11
1.07034137006e-12	8.4692682728e-10
1.42712182674e-12	2.35367154933e-09
1.78390228343e-12	5.52788831376e-09
2.14068274011e-12	1.0154688368e-08
2.4974631968e-12	1.51948694738e-08
2.85424365349e-12	1.69506075842e-08
3.21102411017e-12	9.389047817e-09
3.56780456686e-12	-1.52899598538e-08
3.92458502354e-12	-6.27112073381e-08
4.28136548023e-12	-1.30900597917e-07
4.63814593691e-12	-2.04338721943e-07
4.9949263936e-12	-2.52194004347e-07
5.35170685028e-12	-2.35038333685e-07
5.70848730697e-12	-1.20534191517e-07
6.06526776366e-12	9.59272083989e-08
6.42204822034e-12	3.75799626084e-07
6.77882867703e-12	6.39304534644e-07
7.13560913371e-12	7.89171224369e-07
7.4923895904e-12	7.50012631556e-07
7.84917004708e-12	5.05818039898e-07
8.20595050377e-12	1.1511570186e-07
8.56273096046e-12	-3.06899623936e-07
8.91951141714e-12	-6.32983148563e-07
9.27629187383e-12	-7.74348130506e-07
9.63307233051e-12	-7.12444233386e-07
9.9898527872e-12	-4.98413491812e-07
1.03466332439e-11	-2.23484683204e-07
1.07034137006e-11	2.18008240349e-08
1.10601941573e-11	1.79847663873e-07
1.14169746139e-11	2.37314701224e-07
1.17737550706e-11	2.1600534339e-07
1.21305355273e-11	1.53542331738e-07
1.2487315984e-11	8.45635939051e-08
1.28440964407e-11	3.05489131769e-08
1.32008768974e-11	-1.48818170981e-09
1.35576573541e-11	-1.45110871097e-08
1.39144378107e-11	-1.55616108888e-08
1.42712182674e-11	-1.13830121995e-08
1.46279987241e-11	-6.43201514272e-09
1.49847791808e-11	-2.81486875475e-09
1.53415596375e-11	-8.90090820493e-10
1.56983400942e-11	-1.94915468314e-10
1.60551205509e-11	-9.489656283e-11
1.64119010075e-11	-1.39658028198e-10
1.67686814642e-11	-2.23215002038e-10
1.71254619209e-11	-1.13910480874e-10
1.74822423776e-11	-1.94217741932e-11
1.78390228343e-11	-5.47822317024e-11
1.8195803291e-11	-1.46335107226e-10
1.85525837477e-11	-2.15192343112e-10
1.89093642043e-11	-2.31102543352e-10
1.9266144661e-11	-1.80657202739e-10
1.96229251177e-11	-1.13007356944e-10
1.99797055744e-11	-6.22869451329e-11
2.03364860311e-11	-6.81199996584e-11
2.06932664878e-11	-1.11261061995e-10
2.10500469445e-11	-1.42304452076e-10
2.14068274011e-11	-1.43612448322e-10
2.17636078578e-11	-1.06502086664e-10
2.21203883145e-11	-6.95694179348e-11
2.24771687712e-11	-5.74764086152e-11
2.28339492279e-11	-7.07320252716e-11
2.31907296846e-11	-8.31469133995e-11
2.35475101413e-11	-9.37897953746e-11
2.39042905979e-11	-9.4756545492e-11
2.42610710546e-11	-7.60473021361e-11
2.46178515113e-11	-5.65931867341e-11
