% time-domain voltage integration by openEMS v0.0.35-108-gc651cce @Thu Mar  6 15:50:54 2025
% start-coordinates: (2.522e-05,-8.4775e-06,0.00015727) m -> [160,65,48]
% stop-coordinates: (2.522e-05,-8.4775e-06,0.00016498) m -> [160,65,76]
% t/s	voltage
0	-0
3.56919561855e-13	2.69690071664e-09
7.13839123709e-13	1.13825587567e-08
1.07075868556e-12	1.48929285015e-08
1.42767824742e-12	4.17671734698e-09
1.78459780927e-12	-4.54453741305e-08
2.14151737113e-12	-1.74936967134e-07
2.49843693298e-12	-4.34875980559e-07
2.85535649484e-12	-8.57285497702e-07
3.21227605669e-12	-1.3974695463e-06
3.56919561855e-12	-1.85184354606e-06
3.9261151804e-12	-1.78504963699e-06
4.28303474226e-12	-5.31729533293e-07
4.63995430411e-12	2.64914202575e-06
4.99687386597e-12	8.2267839332e-06
5.35379342782e-12	1.59177387786e-05
5.71071298967e-12	2.42682161797e-05
6.06763255153e-12	3.05911966052e-05
6.42455211338e-12	3.15052460564e-05
6.78147167524e-12	2.40879486455e-05
7.13839123709e-12	7.30189819365e-06
7.49531079895e-12	-1.69415715732e-05
7.8522303608e-12	-4.37275090235e-05
8.20914992266e-12	-6.63736764182e-05
8.56606948451e-12	-7.86260427503e-05
8.92298904637e-12	-7.69387063428e-05
9.27990860822e-12	-6.18248416231e-05
9.63682817008e-12	-3.76515110929e-05
9.99374773193e-12	-1.09786931546e-05
1.03506672938e-11	1.1788438627e-05
1.07075868556e-11	2.64105703991e-05
1.10645064175e-11	3.17314302265e-05
1.14214259793e-11	2.93349114031e-05
1.17783455412e-11	2.23432651865e-05
1.21352651031e-11	1.40248712341e-05
1.24921846649e-11	6.78326529169e-06
1.28491042268e-11	1.77601825868e-06
1.32060237886e-11	-9.1898789556e-07
1.35629433505e-11	-1.85730911539e-06
1.39198629123e-11	-1.77373534882e-06
1.42767824742e-11	-1.28203611993e-06
1.4633702036e-11	-7.60830525692e-07
1.49906215979e-11	-3.73039078738e-07
1.53475411598e-11	-1.42854726715e-07
1.57044607216e-11	-3.25613453978e-08
1.60613802835e-11	6.88733331478e-09
1.64182998453e-11	1.32465928504e-08
1.67752194072e-11	9.01827476585e-09
1.7132138969e-11	6.52234249943e-09
1.74890585309e-11	5.72163748325e-09
1.78459780927e-11	6.0190702561e-09
1.82028976546e-11	6.42003619711e-09
1.85598172164e-11	6.59302473727e-09
1.89167367783e-11	6.45025724499e-09
1.92736563402e-11	6.21379604715e-09
1.9630575902e-11	6.10850667271e-09
1.99874954639e-11	6.22873445877e-09
2.03444150257e-11	6.49651504814e-09
2.07013345876e-11	6.74997439887e-09
2.10582541494e-11	6.87296940194e-09
2.14151737113e-11	6.85104813158e-09
2.17720932731e-11	6.78667257115e-09
2.2129012835e-11	6.78446093749e-09
2.24859323968e-11	6.89179732727e-09
2.28428519587e-11	7.07084098217e-09
2.31997715206e-11	7.22389377483e-09
2.35566910824e-11	7.29887732198e-09
2.39136106443e-11	7.30493944501e-09
2.42705302061e-11	7.29302371272e-09
2.4627449768e-11	7.3171372017e-09
2.49843693298e-11	7.397613494e-09
2.53412888917e-11	7.50272419192e-09
2.56982084535e-11	7.59956156338e-09
