% time-domain current integration by openEMS v0.0.35-108-gc651cce @Thu Mar  6 15:50:54 2025
% start-coordinates: (2.492e-05,-1.02815e-05,0.000161037) m -> [159,60,62]
% stop-coordinates: (2.572e-05,-6.97e-06,0.000161037) m -> [161,69,62]
% t/s	current
2.23353918557e-16	0
3.57142915773e-13	-5.64542093628e-11
7.14062477628e-13	-2.29239793814e-10
1.07098203948e-12	-2.97693342199e-10
1.42790160134e-12	-7.93036400437e-11
1.78482116319e-12	9.24481657893e-10
2.14174072505e-12	3.53545148712e-09
2.4986602869e-12	8.76591332855e-09
2.85557984876e-12	1.72481691152e-08
3.21249941061e-12	2.80661343055e-08
3.56941897247e-12	3.71071884331e-08
3.92633853432e-12	3.56112543898e-08
4.28325809617e-12	1.02298862714e-08
4.64017765803e-12	-5.38505027237e-08
4.99709721988e-12	-1.6591870633e-07
5.35401678174e-12	-3.20104334151e-07
5.71093634359e-12	-4.87063005039e-07
6.06785590545e-12	-6.12816222656e-07
6.4247754673e-12	-6.29669727914e-07
6.78169502916e-12	-4.79392326724e-07
7.13861459101e-12	-1.41746994586e-07
7.49553415287e-12	3.44370363337e-07
7.85245371472e-12	8.80089771726e-07
8.20937327658e-12	1.33155776894e-06
8.56629283843e-12	1.57399165346e-06
8.92321240029e-12	1.53720316121e-06
9.28013196214e-12	1.23235054161e-06
9.63705152399e-12	7.47486922137e-07
9.99397108585e-12	2.1408328621e-07
1.03508906477e-11	-2.39985524786e-07
1.07078102096e-11	-5.30510305907e-07
1.10647297714e-11	-6.35024832718e-07
1.14216493333e-11	-5.85701798173e-07
1.17785688951e-11	-4.45188476306e-07
1.2135488457e-11	-2.78779424434e-07
1.24924080188e-11	-1.34310184308e-07
1.28493275807e-11	-3.46692203834e-08
1.32062471425e-11	1.87795965445e-08
1.35631667044e-11	3.72391113501e-08
1.39200862663e-11	3.54111762135e-08
1.42770058281e-11	2.55304914987e-08
1.463392539e-11	1.51189762931e-08
1.49908449518e-11	7.39543581929e-09
1.53477645137e-11	2.82196399581e-09
1.57046840755e-11	6.36510233409e-10
1.60616036374e-11	-1.4162432338e-10
1.64185231992e-11	-2.64111899018e-10
1.67754427611e-11	-1.78907486048e-10
1.71323623229e-11	-1.2955056472e-10
1.74892818848e-11	-1.13904413679e-10
1.78462014467e-11	-1.20129489689e-10
1.82031210085e-11	-1.28115837383e-10
1.85600405704e-11	-1.31437305484e-10
1.89169601322e-11	-1.28537472333e-10
1.92738796941e-11	-1.23801774388e-10
1.96307992559e-11	-1.21800680652e-10
1.99877188178e-11	-1.24349655573e-10
2.03446383796e-11	-1.29755872713e-10
2.07015579415e-11	-1.34779923333e-10
2.10584775033e-11	-1.37188066462e-10
2.14153970652e-11	-1.36658295791e-10
2.17723166271e-11	-1.35415068048e-10
2.21292361889e-11	-1.35450581307e-10
2.24861557508e-11	-1.37683392465e-10
2.28430753126e-11	-1.41261696784e-10
2.31999948745e-11	-1.44329603824e-10
2.35569144363e-11	-1.45870052148e-10
2.39138339982e-11	-1.45895989734e-10
2.427075356e-11	-1.45640638438e-10
2.46276731219e-11	-1.46164719217e-10
2.49845926837e-11	-1.47836520803e-10
2.53415122456e-11	-1.49895637569e-10
2.56984318075e-11	-1.51920059865e-10
