% time-domain current integration by openEMS v0.0.35-108-gc651cce @Wed Mar 12 09:31:07 2025
% start-coordinates: (-7.276e-05,-4.4427e-05,0.000161037) m -> [25,68,60]
% stop-coordinates: (-7.196e-05,-4.11275e-05,0.000161037) m -> [27,75,60]
% t/s	current
2.44035880086e-16	0
3.57024492566e-13	-1.44847415312e-12
7.13804949251e-13	2.76365800904e-12
1.07058540594e-12	8.29313722729e-13
1.42736586262e-12	-2.68919457015e-12
1.78414631931e-12	-1.03097981541e-11
2.14092677599e-12	-2.67805274484e-11
2.49770723268e-12	-5.31269195303e-11
2.85448768937e-12	-8.42084665886e-11
3.21126814605e-12	-1.01067931801e-10
3.56804860274e-12	-6.90680984627e-11
3.92482905942e-12	5.92551493983e-11
4.28160951611e-12	3.2323879684e-10
4.63838997279e-12	7.18328230231e-10
4.99517042948e-12	1.15712450732e-09
5.35195088616e-12	1.45206324742e-09
5.70873134285e-12	1.35103461751e-09
6.06551179954e-12	6.4000904576e-10
6.42229225622e-12	-7.19321047171e-10
6.77907271291e-12	-2.47715581381e-09
7.13585316959e-12	-4.10083833557e-09
7.49263362628e-12	-4.9322932405e-09
7.84941408296e-12	-4.46687309363e-09
8.20619453965e-12	-2.62257682238e-09
8.56297499634e-12	1.48758616536e-10
8.91975545302e-12	2.99702951345e-09
9.27653590971e-12	5.01193753166e-09
9.63331636639e-12	5.60003909911e-09
9.99009682308e-12	4.71644234779e-09
1.03468772798e-11	2.83367485032e-09
1.07036577364e-11	6.92270796243e-10
1.10604381931e-11	-1.02963571003e-09
1.14172186498e-11	-1.95813609771e-09
1.17739991065e-11	-2.08418482472e-09
1.21307795632e-11	-1.6585831597e-09
1.24875600199e-11	-1.01691954857e-09
1.28443404766e-11	-4.285848898e-10
1.32011209332e-11	-2.96560172253e-11
1.35579013899e-11	1.64379843071e-10
1.39146818466e-11	2.07782818729e-10
1.42714623033e-11	1.70361322271e-10
1.462824276e-11	1.07264121196e-10
1.49850232167e-11	5.04372273114e-11
1.53418036734e-11	1.2692257835e-11
1.569858413e-11	-5.18429309898e-12
1.60553645867e-11	-8.74905356496e-12
1.64121450434e-11	-5.32460447261e-12
1.67689255001e-11	-1.64311619866e-12
1.71257059568e-11	7.22818669068e-13
1.74824864135e-11	-1.62273677568e-12
1.78392668702e-11	-4.41056219325e-12
1.81960473268e-11	-5.06772054876e-12
1.85528277835e-11	-3.54699776495e-12
1.89096082402e-11	-9.7736066202e-13
1.92663886969e-11	8.14452834601e-13
1.96231691536e-11	8.75474118114e-13
1.99799496103e-11	-2.78596969713e-13
2.0336730067e-11	-1.59260994149e-12
2.06935105236e-11	-1.95390795557e-12
2.10502909803e-11	-1.32718282978e-12
2.1407071437e-11	-1.34364023271e-13
2.17638518937e-11	4.28134903831e-13
2.21206323504e-11	3.10930805842e-13
2.24774128071e-11	-3.41662055635e-13
2.28341932638e-11	-1.08961385921e-12
2.31909737204e-11	-1.35958497065e-12
2.35477541771e-11	-9.11741060254e-13
2.39045346338e-11	-3.81880968904e-13
2.42613150905e-11	-9.41207425583e-14
2.46180955472e-11	-2.16236967568e-13
