% time-domain voltage integration by openEMS v0.0.35-108-gc651cce @Wed Mar 12 09:31:07 2025
% start-coordinates: (-3.993e-05,-4.26269e-05,0.000155995) m -> [97,72,41]
% stop-coordinates: (-3.6065e-05,-4.26269e-05,0.000155995) m -> [107,72,41]
% t/s	voltage
0	-0
3.56780456686e-13	-5.17526704824e-09
7.13560913371e-13	-6.60858762158e-09
1.07034137006e-12	-4.05540944576e-10
1.42712182674e-12	2.31405741236e-08
1.78390228343e-12	8.23163488484e-08
2.14068274011e-12	1.97455660711e-07
2.4974631968e-12	3.78838457493e-07
2.85424365349e-12	5.99752006281e-07
3.21102411017e-12	7.62584299707e-07
3.56780456686e-12	6.71374436934e-07
3.92458502354e-12	4.26031752099e-08
4.28136548023e-12	-1.41633295669e-06
4.63814593691e-12	-3.84826114441e-06
4.9949263936e-12	-7.04428208564e-06
5.35170685028e-12	-1.02918025391e-05
5.70848730697e-12	-1.2398110016e-05
6.06526776366e-12	-1.19793884323e-05
6.42204822034e-12	-7.98804126134e-06
6.77882867703e-12	-2.97908769653e-07
7.13560913371e-12	9.93841371155e-06
7.4923895904e-12	2.04127544521e-05
7.84917004708e-12	2.83220390429e-05
8.20595050377e-12	3.13512421144e-05
8.56273096046e-12	2.85607827664e-05
8.91951141714e-12	2.07661041713e-05
9.27629187383e-12	1.02236163571e-05
9.63307233051e-12	-2.29441257105e-07
9.9898527872e-12	-8.18204290454e-06
1.03466332439e-11	-1.23680126762e-05
1.07034137006e-11	-1.28446771441e-05
1.10601941573e-11	-1.06596645537e-05
1.14169746139e-11	-7.25163585003e-06
1.17737550706e-11	-3.88608293633e-06
1.21305355273e-11	-1.3312516316e-06
1.2487315984e-11	1.82624192213e-07
1.28440964407e-11	8.08195416369e-07
1.32008768974e-11	8.63420815733e-07
1.35576573541e-11	6.5716227482e-07
1.39144378107e-11	4.0120568201e-07
1.42712182674e-11	1.98793980388e-07
1.46279987241e-11	7.47257256073e-08
1.49847791808e-11	1.44075669173e-08
1.53415596375e-11	-7.07796793398e-09
1.56983400942e-11	-1.02832095616e-08
1.60551205509e-11	-7.51057827042e-09
1.64119010075e-11	-4.47962422712e-09
1.67686814642e-11	-3.95882410187e-09
1.71254619209e-11	-4.21107942961e-09
1.74822423776e-11	-4.30517749228e-09
1.78390228343e-11	-4.22648899212e-09
1.8195803291e-11	-4.10815970131e-09
1.85525837477e-11	-3.99749644497e-09
1.89093642043e-11	-3.96247890055e-09
1.9266144661e-11	-3.99388289107e-09
1.96229251177e-11	-4.04057981518e-09
1.99797055744e-11	-4.04830741152e-09
2.03364860311e-11	-4.02184741066e-09
2.06932664878e-11	-3.95090143934e-09
2.10500469445e-11	-3.89736076745e-09
2.14068274011e-11	-3.87931659018e-09
2.17636078578e-11	-3.88204840496e-09
2.21203883145e-11	-3.8923436696e-09
2.24771687712e-11	-3.88779797245e-09
2.28339492279e-11	-3.85729403973e-09
2.31907296846e-11	-3.8118295187e-09
2.35475101413e-11	-3.77383668759e-09
2.39042905979e-11	-3.76107239797e-09
2.42610710546e-11	-3.75619280124e-09
2.46178515113e-11	-3.75824771304e-09
