% time-domain current integration by openEMS v0.0.35-108-gc651cce @Fri Mar 14 16:31:10 2025
% start-coordinates: (-6.4535e-05,-2.63165e-05,0.00016438) m -> [18,40,46]
% stop-coordinates: (-6.4535e-05,-2.302e-05,0.00016798) m -> [18,47,57]
% t/s	current
2.80542358355e-16	0
3.57130422187e-13	-1.64250286549e-12
7.13980302015e-13	9.70356390725e-13
1.07083018184e-12	9.97171529377e-12
1.42768006167e-12	3.06676628536e-11
1.7845299415e-12	6.81351086662e-11
2.14137982133e-12	1.20801049719e-10
2.49822970116e-12	1.71276950955e-10
2.85507958098e-12	1.7613786818e-10
3.21192946081e-12	6.42433745091e-11
3.56877934064e-12	-2.47493664451e-10
3.92562922047e-12	-8.09588229789e-10
4.2824791003e-12	-1.57506752085e-09
4.63932898012e-12	-2.34254082798e-09
4.99617885995e-12	-2.75200706668e-09
5.35302873978e-12	-2.3739263888e-09
5.70987861961e-12	-8.98779106695e-10
6.06672849944e-12	1.64127222924e-09
6.42357837927e-12	4.7337480602e-09
6.78042825909e-12	7.44760120241e-09
7.13727813892e-12	8.73151861924e-09
7.49412801875e-12	7.85568143868e-09
7.85097789858e-12	4.78839723428e-09
8.20782777841e-12	3.04038128007e-10
8.56467765823e-12	-4.27209378984e-09
8.92152753806e-12	-7.57798446216e-09
9.27837741789e-12	-8.74843308907e-09
9.63522729772e-12	-7.71038788372e-09
9.99207717755e-12	-5.12272402275e-09
1.03489270574e-11	-2.02036032348e-09
1.07057769372e-11	6.2857774541e-10
1.1062626817e-11	2.25025997835e-09
1.14194766969e-11	2.75594569388e-09
1.17763265767e-11	2.42344455614e-09
1.21331764565e-11	1.67875779944e-09
1.24900263363e-11	8.98335295041e-10
1.28468762162e-11	3.05093450503e-10
1.3203726096e-11	-3.70756064738e-11
1.35605759758e-11	-1.7005274966e-10
1.39174258557e-11	-1.75604086827e-10
1.42742757355e-11	-1.27925031679e-10
1.46311256153e-11	-7.4178982401e-11
1.49879754951e-11	-3.43963954541e-11
1.5344825375e-11	-1.17411497191e-11
