% time-domain current integration by openEMS v0.0.35-108-gc651cce @Fri Mar 14 15:28:59 2025
% start-coordinates: (-4.5005e-05,-2.63165e-05,0.00016438) m -> [71,40,46]
% stop-coordinates: (-4.5005e-05,-2.302e-05,0.00016798) m -> [71,47,57]
% t/s	current
2.80542358355e-16	0
3.57130422187e-13	2.20439280978e-13
7.13980302015e-13	8.96299602192e-15
1.07083018184e-12	4.26893465239e-13
1.42768006167e-12	8.77185043352e-13
1.7845299415e-12	1.99370923416e-12
2.14137982133e-12	3.79438017464e-12
2.49822970116e-12	5.65150487172e-12
2.85507958098e-12	5.86589370827e-12
3.21192946081e-12	2.76481897273e-12
3.56877934064e-12	-6.70196190211e-12
3.92562922047e-12	-2.44792935922e-11
4.2824791003e-12	-4.95320243155e-11
4.63932898012e-12	-7.537982738e-11
4.99617885995e-12	-9.07658670446e-11
5.35302873978e-12	-8.11777450815e-11
5.70987861961e-12	-3.5866705439e-11
6.06672849944e-12	4.56520342362e-11
6.42357837927e-12	1.47622164492e-10
6.78042825909e-12	2.40091418968e-10
7.13727813892e-12	2.87754070571e-10
7.49412801875e-12	2.64732263888e-10
7.85097789858e-12	1.67889160907e-10
8.20782777841e-12	2.14638445906e-11
8.56467765823e-12	-1.31567118311e-10
8.92152753806e-12	-2.45296866153e-10
9.27837741789e-12	-2.89136881104e-10
9.63522729772e-12	-2.5884022703e-10
9.99207717755e-12	-1.75243930478e-10
1.03489270574e-11	-7.23509099854e-11
1.07057769372e-11	1.70123932303e-11
1.1062626817e-11	7.28400187389e-11
1.14194766969e-11	9.12030242994e-11
1.17763265767e-11	8.11661085565e-11
1.21331764565e-11	5.673847156e-11
1.24900263363e-11	3.0793083361e-11
1.28468762162e-11	1.07692275236e-11
1.3203726096e-11	-8.63806368014e-13
1.35605759758e-11	-5.56364199503e-12
1.39174258557e-11	-5.86853092163e-12
1.42742757355e-11	-4.32162075223e-12
1.46311256153e-11	-2.62535240943e-12
1.49879754951e-11	-1.16006770162e-12
1.5344825375e-11	-3.90232117453e-13
