% time-domain voltage integration by openEMS v0.0.35-108-gc651cce @Thu Mar 20 11:44:13 2025
% start-coordinates: (-4.47425e-05,-2.452e-05,0.00015727) m -> [94,62,53]
% stop-coordinates: (-4.47425e-05,-2.452e-05,0.00016498) m -> [94,62,63]
% t/s	voltage
0	-0
3.568439729e-13	-7.47173625054e-10
7.13687945801e-13	-1.08128933932e-09
1.0705319187e-12	-7.64390783309e-10
1.4273758916e-12	1.61679338667e-09
1.7842198645e-12	8.67305424701e-09
2.1410638374e-12	2.38952635456e-08
2.4979078103e-12	5.03332671098e-08
2.8547517832e-12	8.69518255175e-08
3.2115957561e-12	1.23219491055e-07
3.568439729e-12	1.33216276677e-07
3.9252837019e-12	7.38296304093e-08
4.2821276748e-12	-1.07725161236e-07
4.6389716477e-12	-4.52602312961e-07
4.9958156206e-12	-9.57609010754e-07
5.35265959351e-12	-1.54241570982e-06
5.70950356641e-12	-2.03683482169e-06
6.06634753931e-12	-2.20817329932e-06
6.42319151221e-12	-1.83448734248e-06
6.78003548511e-12	-8.05482770261e-07
7.13687945801e-12	7.91542623446e-07
7.49372343091e-12	2.64961241214e-06
7.85056740381e-12	4.31169898718e-06
8.20741137671e-12	5.31830089301e-06
8.56425534961e-12	5.3749251947e-06
8.92109932251e-12	4.46560861178e-06
9.27794329541e-12	2.85893361252e-06
9.63478726831e-12	1.00365951639e-06
9.99163124121e-12	-6.36343180815e-07
1.03484752141e-11	-1.73427935124e-06
1.0705319187e-11	-2.1792721725e-06
1.10621631599e-11	-2.06298574312e-06
1.14190071328e-11	-1.59857763293e-06
1.17758511057e-11	-1.01997265034e-06
1.21326950786e-11	-5.04995714579e-07
1.24895390515e-11	-1.43175400869e-07
1.28463830244e-11	5.4908345648e-08
1.32032269973e-11	1.26485220076e-07
1.35600709702e-11	1.23484861003e-07
1.39169149431e-11	9.00635011014e-08
1.4273758916e-11	5.37199393857e-08
1.46306028889e-11	2.64554139151e-08
1.49874468618e-11	1.02054760753e-08
1.53442908347e-11	2.40644564692e-09
1.57011348076e-11	-4.1125835723e-10
1.60579787805e-11	-9.01099962008e-10
1.64148227534e-11	-6.29677599992e-10
1.67716667263e-11	-4.66165354582e-10
1.71285106992e-11	-5.07963933069e-10
1.74853546721e-11	-5.5323715574e-10
1.7842198645e-11	-5.71835591032e-10
1.81990426179e-11	-5.37465412453e-10
1.85558865908e-11	-4.9645439322e-10
1.89127305637e-11	-4.78006616927e-10
1.92695745366e-11	-5.12593014909e-10
1.96264185095e-11	-5.64795760508e-10
1.99832624824e-11	-5.93826009199e-10
2.03401064553e-11	-5.72835013798e-10
2.06969504282e-11	-5.30044551653e-10
2.10537944011e-11	-4.94057178849e-10
2.1410638374e-11	-5.17378114309e-10
2.17674823469e-11	-5.55999716753e-10
2.21243263198e-11	-6.04615212063e-10
2.24811702927e-11	-6.03521458503e-10
2.28380142656e-11	-5.60846862008e-10
2.31948582385e-11	-5.15101053825e-10
2.35517022114e-11	-5.2035617655e-10
2.39085461843e-11	-5.50478789288e-10
2.42653901572e-11	-6.06066764483e-10
2.46222341301e-11	-6.24157335191e-10
2.4979078103e-11	-5.99245923716e-10
