% time-domain current integration by openEMS v0.0.35-108-gc651cce @Fri Mar 14 16:31:10 2025
% start-coordinates: (-5.63165e-05,-3.602e-05,0.00016438) m -> [40,18,46]
% stop-coordinates: (-5.302e-05,-3.602e-05,0.00016798) m -> [49,18,57]
% t/s	current
2.80542358355e-16	-0
3.57130422187e-13	-3.00798238585e-14
7.13980302015e-13	-5.45215084289e-14
1.07083018184e-12	3.00060594861e-13
1.42768006167e-12	1.1245752593e-12
1.7845299415e-12	2.47123350429e-12
2.14137982133e-12	4.31118595684e-12
2.49822970116e-12	6.26695570438e-12
2.85507958098e-12	6.75780308448e-12
3.21192946081e-12	3.08647161648e-12
3.56877934064e-12	-8.00823036357e-12
3.92562922047e-12	-2.82529191015e-11
4.2824791003e-12	-5.65972511912e-11
4.63932898012e-12	-8.58263668468e-11
4.99617885995e-12	-1.02918139289e-10
5.35302873978e-12	-9.1536077329e-11
5.70987861961e-12	-3.9619994785e-11
6.06672849944e-12	5.30927975195e-11
6.42357837927e-12	1.68623032204e-10
6.78042825909e-12	2.73017469743e-10
7.13727813892e-12	3.26372900927e-10
7.49412801875e-12	2.99814867377e-10
7.85097789858e-12	1.89924756477e-10
8.20782777841e-12	2.39407833835e-11
8.56467765823e-12	-1.49308482245e-10
8.92152753806e-12	-2.78026435208e-10
9.27837741789e-12	-3.27841753744e-10
9.63522729772e-12	-2.93819524266e-10
9.99207717755e-12	-1.99367397591e-10
1.03489270574e-11	-8.29781521272e-11
1.07057769372e-11	1.83137550264e-11
1.1062626817e-11	8.19138576413e-11
1.14194766969e-11	1.03310270061e-10
1.17763265767e-11	9.22446979912e-11
1.21331764565e-11	6.47933234843e-11
1.24900263363e-11	3.52443109419e-11
1.28468762162e-11	1.24787367939e-11
1.3203726096e-11	-8.97230261008e-13
1.35605759758e-11	-6.29149943948e-12
1.39174258557e-11	-6.65981549422e-12
1.42742757355e-11	-4.90642682732e-12
1.46311256153e-11	-2.90668335755e-12
1.49879754951e-11	-1.37514923493e-12
1.5344825375e-11	-4.85747401503e-13
