% time-domain voltage integration by openEMS v0.0.35-108-gc651cce @Fri Mar 14 16:31:10 2025
% start-coordinates: (-5.452e-05,-3.552e-05,0.00016648) m -> [45,19,52]
% stop-coordinates: (-5.452e-05,-3.602e-05,0.00016648) m -> [45,18,52]
% t/s	voltage
0	-0
3.56849879828e-13	4.47585165545e-13
7.13699759656e-13	-1.43663116885e-13
1.07054963948e-12	-1.47192414507e-11
1.42739951931e-12	-4.92391266649e-11
1.78424939914e-12	-1.15013693014e-10
2.14109927897e-12	-2.12323547633e-10
2.4979491588e-12	-3.08224001877e-10
2.85479903863e-12	-3.40025146928e-10
3.21164891845e-12	-1.70056968507e-10
3.56849879828e-12	3.55291268628e-10
3.92534867811e-12	1.34441136002e-09
4.28219855794e-12	2.74671640987e-09
4.63904843777e-12	4.21985824062e-09
4.99589831759e-12	5.12526021623e-09
5.35274819742e-12	4.65892435741e-09
5.70959807725e-12	2.18061413371e-09
6.06644795708e-12	-2.354274109e-09
6.42329783691e-12	-8.10664513295e-09
6.78014771674e-12	-1.34045068378e-08
7.13699759656e-12	-1.62608877474e-08
7.49384747639e-12	-1.5173505119e-08
7.85069735622e-12	-9.89739668e-09
8.20754723605e-12	-1.69923697335e-09
8.56439711588e-12	7.01154512228e-09
8.9212469957e-12	1.36280524643e-08
9.27809687553e-12	1.63596638458e-08
9.63494675536e-12	1.48765817443e-08
9.99179663519e-12	1.02809911695e-08
1.0348646515e-11	4.47125536596e-09
1.07054963948e-11	-6.76393663301e-10
1.10623462747e-11	-3.97382660111e-09
1.14191961545e-11	-5.15333686835e-09
1.17760460343e-11	-4.67406557902e-09
1.21328959142e-11	-3.32456728813e-09
1.2489745794e-11	-1.8399451962e-09
1.28465956738e-11	-6.74702516079e-10
1.32034455536e-11	1.88873378743e-11
1.35602954335e-11	3.0669630724e-10
1.39171453133e-11	3.36757011166e-10
1.42739951931e-11	2.52491139108e-10
1.4630845073e-11	1.50473439264e-10
1.49876949528e-11	7.07214703466e-11
1.53445448326e-11	2.52763469877e-11
