% time-domain voltage integration by openEMS v0.0.35-108-gc651cce @Fri Mar 14 16:31:10 2025
% start-coordinates: (-6.4535e-05,-2.452e-05,0.00016648) m -> [18,44,52]
% stop-coordinates: (-6.4035e-05,-2.452e-05,0.00016648) m -> [19,44,52]
% t/s	voltage
0	-0
3.56849879828e-13	-3.10268410963e-09
7.13699759656e-13	-3.56673668378e-09
1.07054963948e-12	-2.70495265076e-10
1.42739951931e-12	1.30938850873e-08
1.78424939914e-12	4.66520084785e-08
2.14109927897e-12	1.12168542898e-07
2.4979491588e-12	2.1539345596e-07
2.85479903863e-12	3.41303916684e-07
3.21164891845e-12	4.34448566011e-07
3.56849879828e-12	3.83729968689e-07
3.92534867811e-12	2.8192170376e-08
4.28219855794e-12	-7.9834802591e-07
4.63904843777e-12	-2.1776131689e-06
4.99589831759e-12	-3.99264354201e-06
5.35274819742e-12	-5.84217104915e-06
5.70959807725e-12	-7.05382399246e-06
6.06644795708e-12	-6.84635551806e-06
6.42329783691e-12	-4.62562411485e-06
6.78014771674e-12	-3.12781565981e-07
7.13699759656e-12	5.45500915905e-06
7.49384747639e-12	1.13916448754e-05
7.85069735622e-12	1.59285755217e-05
8.20754723605e-12	1.77606416401e-05
8.56439711588e-12	1.63405256899e-05
8.9212469957e-12	1.20934837469e-05
9.27809687553e-12	6.25013080935e-06
9.63494675536e-12	3.77056437628e-07
9.99179663519e-12	-4.17662067775e-06
1.0348646515e-11	-6.67899576001e-06
1.07054963948e-11	-7.12259816282e-06
1.10623462747e-11	-6.05208424531e-06
1.14191961545e-11	-4.24309337177e-06
1.17760460343e-11	-2.39459313889e-06
1.21328959142e-11	-9.46684508563e-07
1.2489745794e-11	-4.9831129445e-08
1.28465956738e-11	3.58329401706e-07
1.32034455536e-11	4.38900087829e-07
1.35602954335e-11	3.56993609785e-07
1.39171453133e-11	2.31169707376e-07
1.42739951931e-11	1.23507589933e-07
1.4630845073e-11	5.31548103311e-08
1.49876949528e-11	1.60763349299e-08
1.53445448326e-11	7.24892867954e-10
