% time-domain voltage integration by openEMS v0.0.35-108-gc651cce @Thu Mar  6 15:18:29 2025
% start-coordinates: (-2.17e-06,-8.4775e-06,0.00015521) m -> [100,65,40]
% stop-coordinates: (-2.17e-06,-8.4775e-06,0.00015575) m -> [100,65,42]
% t/s	voltage
0	-0
3.56919561855e-13	-1.70545973177e-11
7.13839123709e-13	6.70050057106e-11
1.07075868556e-12	3.67793712153e-11
1.42767824742e-12	-2.25996842768e-11
1.78459780927e-12	-2.04714446783e-10
2.14151737113e-12	-6.15557244066e-10
2.49843693298e-12	-1.36402261708e-09
2.85535649484e-12	-2.4028741219e-09
3.21227605669e-12	-3.39685046757e-09
3.56919561855e-12	-3.48936168848e-09
3.9261151804e-12	-1.26397148303e-09
4.28303474226e-12	4.9093131782e-09
4.63995430411e-12	1.60414082018e-08
4.99687386597e-12	3.12531671653e-08
5.35379342782e-12	4.66235672292e-08
5.71071298967e-12	5.50674421618e-08
6.06763255153e-12	4.80715698359e-08
6.42455211338e-12	1.93252942537e-08
6.78147167524e-12	-3.08802565741e-08
7.13839123709e-12	-9.2791164974e-08
7.49531079895e-12	-1.48188647131e-07
7.8522303608e-12	-1.76042618705e-07
8.20914992266e-12	-1.61142750699e-07
8.56606948451e-12	-1.01785634143e-07
8.92298904637e-12	-1.23732659674e-08
9.27990860822e-12	8.11129545752e-08
9.63682817008e-12	1.51013821892e-07
9.99374773193e-12	1.78750426016e-07
1.03506672938e-11	1.61308122415e-07
1.07075868556e-11	1.10694550415e-07
1.10645064175e-11	4.73836649917e-08
1.14214259793e-11	-8.5850100362e-09
1.17783455412e-11	-4.45086776324e-08
1.21352651031e-11	-5.74466394454e-08
1.24921846649e-11	-5.22828411675e-08
1.28491042268e-11	-3.74726383257e-08
1.32060237886e-11	-2.0953090818e-08
1.35629433505e-11	-7.76583286566e-09
1.39198629123e-11	2.93342489188e-10
1.42767824742e-11	3.7654104279e-09
1.4633702036e-11	4.21055834643e-09
1.49906215979e-11	3.22254345431e-09
1.53475411598e-11	1.92277516131e-09
1.57044607216e-11	8.88231876939e-10
1.60613802835e-11	2.79318942975e-10
1.64182998453e-11	2.39956691669e-11
1.67752194072e-11	-2.95994999344e-11
1.7132138969e-11	1.07837363171e-11
1.74890585309e-11	1.95278307413e-11
1.78459780927e-11	2.67503402242e-12
1.82028976546e-11	-2.29465118781e-11
1.85598172164e-11	-2.71109358921e-11
1.89167367783e-11	-6.60744007251e-12
1.92736563402e-11	2.17308272071e-11
1.9630575902e-11	3.83288956129e-11
1.99874954639e-11	3.57204005957e-11
2.03444150257e-11	1.96803675787e-11
2.07013345876e-11	5.90836537681e-12
2.10582541494e-11	4.43802872056e-12
2.14151737113e-11	1.29001132693e-11
2.17720932731e-11	2.48504472208e-11
2.2129012835e-11	3.07930278498e-11
2.24859323968e-11	2.71750798947e-11
2.28428519587e-11	1.7942499049e-11
2.31997715206e-11	9.45756190376e-12
2.35566910824e-11	9.18991965859e-12
2.39136106443e-11	1.37653000977e-11
2.42705302061e-11	1.9176241324e-11
2.4627449768e-11	2.18735749999e-11
2.49843693298e-11	1.85846260256e-11
2.53412888917e-11	1.36607634926e-11
2.56982084535e-11	9.52342935415e-12
2.60551280154e-11	7.82909371014e-12
