% time-domain current integration by openEMS v0.0.35-108-gc651cce @Thu Mar  6 15:18:29 2025
% start-coordinates: (-3.45e-06,-1.8045e-05,0.00015521) m -> [97,39,40]
% stop-coordinates: (-1.19e-06,7.95e-07,0.00015521) m -> [102,88,40]
% t/s	current
2.23353918557e-16	0
3.57142915773e-13	9.39863895803e-14
7.14062477628e-13	-9.61289750058e-13
1.07098203948e-12	-8.32519058032e-13
1.42790160134e-12	1.38252733914e-12
1.78482116319e-12	6.48168584777e-12
2.14174072505e-12	1.74085867249e-11
2.4986602869e-12	3.50711612529e-11
2.85557984876e-12	5.74436644085e-11
3.21249941061e-12	7.37395561279e-11
3.56941897247e-12	6.24073709377e-11
3.92633853432e-12	-9.02975090533e-12
4.28325809617e-12	-1.72228550865e-10
4.64017765803e-12	-4.36167241213e-10
4.99709721988e-12	-7.62084173545e-10
5.35401678174e-12	-1.04327801953e-09
5.71093634359e-12	-1.1162094582e-09
6.06785590545e-12	-8.12651668181e-10
6.4247754673e-12	-4.43558835495e-11
6.78169502916e-12	1.11122455682e-09
7.13861459101e-12	2.37711117457e-09
7.49553415287e-12	3.33750294068e-09
7.85245371472e-12	3.5837561807e-09
8.20937327658e-12	2.89823254285e-09
8.56629283843e-12	1.38053612986e-09
8.92321240029e-12	-5.56894863557e-10
9.28013196214e-12	-2.3359654211e-09
9.63705152399e-12	-3.43877748499e-09
9.99397108585e-12	-3.60595953097e-09
1.03508906477e-11	-2.91478507997e-09
1.07078102096e-11	-1.70851621739e-09
1.10647297714e-11	-4.28760499327e-10
1.14216493333e-11	5.61974911051e-10
1.17785688951e-11	1.0880691903e-09
1.2135488457e-11	1.16856668786e-09
1.24924080188e-11	9.49158418528e-10
1.28493275807e-11	6.0972898952e-10
1.32062471425e-11	2.91405011232e-10
1.35631667044e-11	6.71910097005e-11
1.39200862663e-11	-5.14091824666e-11
1.42770058281e-11	-8.87401263583e-11
1.463392539e-11	-7.99118271555e-11
1.49908449518e-11	-5.36839010745e-11
1.53477645137e-11	-2.82685333475e-11
1.57046840755e-11	-1.10336626988e-11
1.60616036374e-11	-2.17474519296e-12
1.64185231992e-11	5.35105325935e-13
1.67754427611e-11	5.30946109561e-13
1.71323623229e-11	-5.40917679571e-13
1.74892818848e-11	-3.40833047549e-13
1.78462014467e-11	1.5784769325e-13
1.82031210085e-11	5.48606190857e-13
1.85600405704e-11	4.64127813873e-13
1.89169601322e-11	-8.7229811048e-14
1.92738796941e-11	-6.56224044288e-13
1.96307992559e-11	-8.47384879279e-13
1.99877188178e-11	-6.70060144523e-13
2.03446383796e-11	-3.47095941398e-13
2.07015579415e-11	-8.11581365805e-14
2.10584775033e-11	-1.28048491406e-13
2.14153970652e-11	-3.32200819587e-13
2.17723166271e-11	-6.02003961004e-13
2.21292361889e-11	-6.00594010289e-13
2.24861557508e-11	-4.44991130532e-13
2.28430753126e-11	-3.01231831363e-13
2.31999948745e-11	-1.90522361884e-13
2.35569144363e-11	-2.14899902344e-13
2.39138339982e-11	-3.46157184947e-13
2.427075356e-11	-4.48846282407e-13
2.46276731219e-11	-4.45796611431e-13
2.49845926837e-11	-3.5669104931e-13
2.53415122456e-11	-2.43379047384e-13
2.56984318075e-11	-1.5688958379e-13
2.60553513693e-11	-1.95864375066e-13
