% time-domain current integration by openEMS v0.0.35-108-gc651cce @Wed Mar 12 08:58:38 2025
% start-coordinates: (-1.274e-05,-4.4427e-05,0.000161037) m -> [156,68,60]
% stop-coordinates: (-1.194e-05,-4.11275e-05,0.000161037) m -> [158,75,60]
% t/s	current
2.44035880086e-16	0
3.57024492566e-13	7.98288369544e-14
7.13804949251e-13	1.08618094987e-12
1.07058540594e-12	7.5270844245e-13
1.42736586262e-12	-8.20086782771e-13
1.78414631931e-12	-4.42067172798e-12
2.14092677599e-12	-1.20884665125e-11
2.49770723268e-12	-2.50343131641e-11
2.85448768937e-12	-4.1945030782e-11
3.21126814605e-12	-5.60602224364e-11
3.56804860274e-12	-5.17331143202e-11
3.92482905942e-12	-5.58773426834e-12
4.28160951611e-12	1.07501722801e-10
4.63838997279e-12	2.99245517255e-10
4.99517042948e-12	5.48017298208e-10
5.35195088616e-12	7.82505116259e-10
5.70873134285e-12	8.84601281115e-10
6.06551179954e-12	7.21859017005e-10
6.42229225622e-12	2.08309119953e-10
6.77907271291e-12	-6.2855942673e-10
7.13585316959e-12	-1.61123714371e-09
7.49263362628e-12	-2.43978459658e-09
7.84941408296e-12	-2.79106493473e-09
8.20619453965e-12	-2.45484432781e-09
8.56297499634e-12	-1.44458689455e-09
8.91975545302e-12	-2.04620834166e-11
9.27653590971e-12	1.39816536127e-09
9.63331636639e-12	2.39485009601e-09
9.99009682308e-12	2.71744227121e-09
1.03468772798e-11	2.36154718003e-09
1.07036577364e-11	1.54401202934e-09
1.10604381931e-11	5.8885113452e-10
1.14172186498e-11	-2.10370762477e-10
1.17739991065e-11	-6.86931067584e-10
1.21307795632e-11	-8.24109724906e-10
1.24875600199e-11	-7.14197312401e-10
1.28443404766e-11	-4.88863061143e-10
1.32011209332e-11	-2.59651411483e-10
1.35579013899e-11	-8.90826787336e-11
1.39146818466e-11	7.98598253499e-12
1.42714623033e-11	4.62067467621e-11
1.462824276e-11	4.91612167641e-11
1.49850232167e-11	3.71674288568e-11
1.53418036734e-11	2.26168233447e-11
1.569858413e-11	1.10218527014e-11
1.60553645867e-11	3.96015945731e-12
1.64121450434e-11	8.82527286927e-13
1.67689255001e-11	4.00410526133e-13
1.71257059568e-11	1.2020376014e-12
1.74824864135e-11	1.60170130197e-12
1.78392668702e-11	1.21893445858e-12
1.81960473268e-11	3.37651239433e-13
1.85528277835e-11	-4.1427768876e-13
1.89096082402e-11	-5.56080192744e-13
1.92663886969e-11	-1.6417623554e-13
1.96231691536e-11	3.63207266997e-13
1.99799496103e-11	6.48865618354e-13
2.0336730067e-11	5.38003832023e-13
2.06935105236e-11	2.00001555031e-13
2.10502909803e-11	-4.8900008256e-14
2.1407071437e-11	-3.42227907525e-14
2.17638518937e-11	2.00370671661e-13
2.21206323504e-11	5.25941811803e-13
2.24774128071e-11	6.5206775526e-13
2.28341932638e-11	5.74500245553e-13
2.31909737204e-11	3.38320842695e-13
2.35477541771e-11	1.6904813866e-13
2.39045346338e-11	1.50340460567e-13
2.42613150905e-11	2.59155408721e-13
2.46180955472e-11	3.59805447155e-13
2.49748760039e-11	3.892622444e-13
2.53316564606e-11	3.00260440426e-13
2.56884369172e-11	1.72952472656e-13
