% time-domain current integration by openEMS v0.0.35-108-gc651cce @Thu Mar  6 15:18:29 2025
% start-coordinates: (-8.6e-06,-1.8045e-05,0.00015521) m -> [83,39,40]
% stop-coordinates: (-5.87e-06,7.95e-07,0.00015521) m -> [90,88,40]
% t/s	current
2.23353918557e-16	0
3.57142915773e-13	-1.42839724424e-11
7.14062477628e-13	-2.47243909374e-11
1.07098203948e-12	-2.55754237233e-11
1.42790160134e-12	1.35213186134e-11
1.78482116319e-12	1.48251605436e-10
2.14174072505e-12	4.63995009081e-10
2.4986602869e-12	1.04899622322e-09
2.85557984876e-12	1.92352511696e-09
3.21249941061e-12	2.91270230157e-09
3.56941897247e-12	3.49063444816e-09
3.92633853432e-12	2.68422395422e-09
4.28325809617e-12	-8.27827195682e-10
4.64017765803e-12	-8.29027690941e-09
4.99709721988e-12	-2.01072385408e-08
5.35401678174e-12	-3.49513662457e-08
5.71093634359e-12	-4.92005760577e-08
6.06785590545e-12	-5.72420866263e-08
6.4247754673e-12	-5.29724353271e-08
6.78169502916e-12	-3.2236808778e-08
7.13861459101e-12	4.68049154989e-09
7.49553415287e-12	5.1782397037e-08
7.85245371472e-12	9.82927090831e-08
8.20937327658e-12	1.31844828388e-07
8.56629283843e-12	1.42818663562e-07
8.92321240029e-12	1.2797289628e-07
9.28013196214e-12	9.17008762258e-08
9.63705152399e-12	4.43220109503e-08
9.99397108585e-12	-1.78606285317e-09
1.03508906477e-11	-3.64452077406e-08
1.07078102096e-11	-5.45491403159e-08
1.10647297714e-11	-5.66152884574e-08
1.14216493333e-11	-4.72515857552e-08
1.17785688951e-11	-3.26091331715e-08
1.2135488457e-11	-1.8052244144e-08
1.24924080188e-11	-6.84982026655e-09
1.28493275807e-11	-2.59617119469e-11
1.32062471425e-11	2.99872504606e-09
1.35631667044e-11	3.51729156911e-09
1.39200862663e-11	2.81694201298e-09
1.42770058281e-11	1.80767778524e-09
1.463392539e-11	9.581276883e-10
1.49908449518e-11	4.075074167e-10
1.53477645137e-11	1.19635662488e-10
1.57046840755e-11	2.50035235572e-12
1.60616036374e-11	-2.69015556359e-11
1.64185231992e-11	-2.21469179801e-11
1.67754427611e-11	-1.28740559879e-11
1.71323623229e-11	-1.02506111238e-11
1.74892818848e-11	-1.00290409658e-11
1.78462014467e-11	-1.09512199656e-11
1.82031210085e-11	-1.15671465462e-11
1.85600405704e-11	-1.15904178616e-11
1.89169601322e-11	-1.11822773263e-11
1.92738796941e-11	-1.08243370864e-11
1.96307992559e-11	-1.07479901715e-11
1.99877188178e-11	-1.11475906631e-11
2.03446383796e-11	-1.16308386533e-11
2.07015579415e-11	-1.2047034377e-11
2.10584775033e-11	-1.2119933529e-11
2.14153970652e-11	-1.19913306715e-11
2.17723166271e-11	-1.19075235783e-11
2.21292361889e-11	-1.19641067886e-11
2.24861557508e-11	-1.22376466599e-11
2.28430753126e-11	-1.25540671608e-11
2.31999948745e-11	-1.27553991675e-11
2.35569144363e-11	-1.287098466e-11
2.39138339982e-11	-1.29045324773e-11
2.427075356e-11	-1.28219778545e-11
2.46276731219e-11	-1.29506414273e-11
2.49845926837e-11	-1.30901452872e-11
2.53415122456e-11	-1.32699719269e-11
2.56984318075e-11	-1.34414823022e-11
2.60553513693e-11	-1.34981652591e-11
