% time-domain voltage integration by openEMS v0.0.35-108-gc651cce @Thu Mar  6 15:18:29 2025
% start-coordinates: (-7.0025e-06,-8.4775e-06,0.00015521) m -> [87,65,40]
% stop-coordinates: (-7.0025e-06,-8.4775e-06,0.00015575) m -> [87,65,42]
% t/s	voltage
0	-0
3.56919561855e-13	2.4531419951e-10
7.13839123709e-13	9.93564952534e-10
1.07075868556e-12	1.30829225231e-09
1.42767824742e-12	3.77192152512e-10
1.78459780927e-12	-3.94750276911e-09
2.14151737113e-12	-1.52630983408e-08
2.49843693298e-12	-3.80011169199e-08
2.85535649484e-12	-7.50103552605e-08
3.21227605669e-12	-1.22434812511e-07
3.56919561855e-12	-1.62513622115e-07
3.9261151804e-12	-1.5716739199e-07
4.28303474226e-12	-4.80812438752e-08
4.63995430411e-12	2.29865570134e-07
4.99687386597e-12	7.18222167961e-07
5.35379342782e-12	1.39281110023e-06
5.71071298967e-12	2.1268930368e-06
6.06763255153e-12	2.68532016889e-06
6.42455211338e-12	2.77134279258e-06
6.78147167524e-12	2.12742395433e-06
7.13839123709e-12	6.60393141061e-07
7.49531079895e-12	-1.46464856243e-06
7.8522303608e-12	-3.81852419196e-06
8.20914992266e-12	-5.81537369726e-06
8.56606948451e-12	-6.90471529197e-06
8.92298904637e-12	-6.77182151776e-06
9.27990860822e-12	-5.45742727809e-06
9.63682817008e-12	-3.34133346769e-06
9.99374773193e-12	-9.97942493086e-07
1.03506672938e-11	1.00937290881e-06
1.07075868556e-11	2.30537887091e-06
1.10645064175e-11	2.78481286387e-06
1.14214259793e-11	2.58367947481e-06
1.17783455412e-11	1.97460292384e-06
1.21352651031e-11	1.24473274354e-06
1.24921846649e-11	6.06440181627e-07
1.28491042268e-11	1.63076570914e-07
1.32060237886e-11	-7.70951906759e-08
1.35629433505e-11	-1.62062512743e-07
1.39198629123e-11	-1.56161853226e-07
1.42767824742e-11	-1.13506420263e-07
1.4633702036e-11	-6.77070701727e-08
1.49906215979e-11	-3.33971037492e-08
1.53475411598e-11	-1.29104584801e-08
1.57044607216e-11	-3.02399694174e-09
1.60613802835e-11	5.55623075327e-10
1.64182998453e-11	1.16440712628e-09
1.67752194072e-11	8.07835853767e-10
1.7132138969e-11	5.85679948983e-10
1.74890585309e-11	5.09876391108e-10
1.78459780927e-11	5.33770083688e-10
1.82028976546e-11	5.67848768007e-10
1.85598172164e-11	5.82117021253e-10
1.89167367783e-11	5.70461372584e-10
1.92736563402e-11	5.50011425293e-10
1.9630575902e-11	5.40836930796e-10
1.99874954639e-11	5.51452744579e-10
2.03444150257e-11	5.74211816984e-10
2.07013345876e-11	5.95899274369e-10
2.10582541494e-11	6.06839606343e-10
2.14151737113e-11	6.05904326711e-10
2.17720932731e-11	6.00765964753e-10
2.2129012835e-11	6.00176908172e-10
2.24859323968e-11	6.09706035659e-10
2.28428519587e-11	6.24917617653e-10
2.31997715206e-11	6.39184510876e-10
2.35566910824e-11	6.44748560097e-10
2.39136106443e-11	6.45190317838e-10
2.42705302061e-11	6.44447273324e-10
2.4627449768e-11	6.46533659943e-10
2.49843693298e-11	6.5393851445e-10
2.53412888917e-11	6.62724125577e-10
2.56982084535e-11	6.71768446425e-10
2.60551280154e-11	6.76709105418e-10
