% time-domain current integration by openEMS v0.0.35-108-gc651cce @Thu Mar  6 15:18:29 2025
% start-coordinates: (-3.51e-05,-1.02815e-05,0.000161037) m -> [25,60,62]
% stop-coordinates: (-3.43e-05,-6.97e-06,0.000161037) m -> [27,69,62]
% t/s	current
2.23353918557e-16	0
3.57142915773e-13	-2.82463757245e-11
7.14062477628e-13	-3.86613831227e-11
1.07098203948e-12	-6.29874754784e-12
1.42790160134e-12	1.18032583707e-10
1.78482116319e-12	4.34699026775e-10
2.14174072505e-12	1.05703534814e-09
2.4986602869e-12	2.04467176523e-09
2.85557984876e-12	3.2579128284e-09
3.21249941061e-12	4.16365963929e-09
3.56941897247e-12	3.68197494716e-09
3.92633853432e-12	2.38582348322e-10
4.28325809617e-12	-7.79693376529e-09
4.64017765803e-12	-2.12133546285e-08
4.99709721988e-12	-3.88059540057e-08
5.35401678174e-12	-5.65039783851e-08
5.71093634359e-12	-6.75109248505e-08
6.06785590545e-12	-6.39866328811e-08
6.4247754673e-12	-4.01251440962e-08
6.78169502916e-12	4.43287850871e-09
7.13861459101e-12	6.25546832111e-08
7.49553415287e-12	1.20448675034e-07
7.85245371472e-12	1.6171439654e-07
8.20937327658e-12	1.7328305546e-07
8.56629283843e-12	1.50684670075e-07
8.92321240029e-12	1.00111812174e-07
9.28013196214e-12	3.61759724399e-08
9.63705152399e-12	-2.36505997009e-08
9.99397108585e-12	-6.53312142163e-08
1.03508906477e-11	-8.25369994573e-08
1.07078102096e-11	-7.7354556538e-08
1.10647297714e-11	-5.77344216879e-08
1.14216493333e-11	-3.33843104272e-08
1.17785688951e-11	-1.21282104359e-08
1.2135488457e-11	1.96218841175e-09
1.24924080188e-11	8.48416004118e-09
1.28493275807e-11	9.36794553041e-09
1.32062471425e-11	7.26451210298e-09
1.35631667044e-11	4.37627134531e-09
1.39200862663e-11	1.97801197643e-09
1.42770058281e-11	4.89941587301e-10
1.463392539e-11	-1.92242582964e-10
1.49908449518e-11	-3.64632685157e-10
1.53477645137e-11	-3.02981500999e-10
1.57046840755e-11	-1.83121962039e-10
1.60616036374e-11	-8.47398123893e-11
1.64185231992e-11	-2.76857165665e-11
1.67754427611e-11	-1.00575242579e-11
1.71323623229e-11	-1.05708124545e-11
1.74892818848e-11	-1.33456084725e-11
1.78462014467e-11	-1.46056396144e-11
1.82031210085e-11	-1.40804000404e-11
1.85600405704e-11	-1.30530274089e-11
1.89169601322e-11	-1.25714673047e-11
1.92738796941e-11	-1.29411776434e-11
1.96307992559e-11	-1.38578506309e-11
1.99877188178e-11	-1.46578894855e-11
2.03446383796e-11	-1.49141133471e-11
2.07015579415e-11	-1.46847447396e-11
2.10584775033e-11	-1.43474893424e-11
2.14153970652e-11	-1.42977799739e-11
2.17723166271e-11	-1.46253998495e-11
2.21292361889e-11	-1.51449044278e-11
2.24861557508e-11	-1.55878279035e-11
2.28430753126e-11	-1.57268694595e-11
2.31999948745e-11	-1.55825526094e-11
2.35569144363e-11	-1.53408032805e-11
2.39138339982e-11	-1.52997649272e-11
2.427075356e-11	-1.54918508577e-11
2.46276731219e-11	-1.57156197778e-11
2.49845926837e-11	-1.5922650351e-11
2.53415122456e-11	-1.59668042676e-11
2.56984318075e-11	-1.58560126834e-11
2.60553513693e-11	-1.5719545457e-11
