% time-domain voltage integration by openEMS v0.0.35-108-gc651cce @Thu Mar  6 15:18:29 2025
% start-coordinates: (2.522e-05,-8.4775e-06,0.00015727) m -> [160,65,48]
% stop-coordinates: (2.522e-05,-8.4775e-06,0.00016498) m -> [160,65,76]
% t/s	voltage
0	-0
3.56919561855e-13	-4.35934700339e-12
7.13839123709e-13	-3.45669831734e-11
1.07075868556e-12	-6.07916332291e-11
1.42767824742e-12	1.52822065983e-11
1.78459780927e-12	1.95680436264e-10
2.14151737113e-12	6.37856129027e-10
2.49843693298e-12	1.42956334617e-09
2.85535649484e-12	2.5862976899e-09
3.21227605669e-12	3.80594189497e-09
3.56919561855e-12	4.24608084804e-09
3.9261151804e-12	2.43467090238e-09
4.28303474226e-12	-3.52399694148e-09
4.63995430411e-12	-1.5155290356e-08
4.99687386597e-12	-3.22902922179e-08
5.35379342782e-12	-5.16560909603e-08
5.71071298967e-12	-6.61863006624e-08
6.06763255153e-12	-6.61624830478e-08
6.42455211338e-12	-4.25347670419e-08
6.78147167524e-12	8.17084283566e-09
7.13839123709e-12	7.9543390763e-08
7.49531079895e-12	1.5421699473e-07
7.8522303608e-12	2.0795991551e-07
8.20914992266e-12	2.18230022053e-07
8.56606948451e-12	1.74104118233e-07
8.92298904637e-12	8.26234929363e-08
9.27990860822e-12	-3.20210230553e-08
9.63682817008e-12	-1.36942831297e-07
9.99374773193e-12	-2.02970850793e-07
1.03506672938e-11	-2.15377399027e-07
1.07075868556e-11	-1.78084126112e-07
1.10645064175e-11	-1.09952782212e-07
1.14214259793e-11	-3.57031970655e-08
1.17783455412e-11	2.38089954419e-08
1.21352651031e-11	5.77587293549e-08
1.24921846649e-11	6.61745516162e-08
1.28491042268e-11	5.65146268672e-08
1.32060237886e-11	3.86331215907e-08
1.35629433505e-11	2.06825291338e-08
1.39198629123e-11	7.21671926385e-09
1.42767824742e-11	-6.33558122631e-10
1.4633702036e-11	-3.86440182631e-09
1.49906215979e-11	-4.21240488324e-09
1.53475411598e-11	-3.24014592934e-09
1.57044607216e-11	-1.98461617279e-09
1.60613802835e-11	-9.65602361958e-10
1.64182998453e-11	-3.44105361393e-10
1.67752194072e-11	-8.07201699145e-11
1.7132138969e-11	-4.32645901527e-11
1.74890585309e-11	-7.94024613854e-11
1.78459780927e-11	-9.10542299112e-11
1.82028976546e-11	-4.98106762e-11
1.85598172164e-11	8.35139604498e-12
1.89167367783e-11	3.99303492831e-11
1.92736563402e-11	2.89269390776e-11
1.9630575902e-11	-9.3810714676e-12
1.99874954639e-11	-4.28507805411e-11
2.03444150257e-11	-5.05513151955e-11
2.07013345876e-11	-3.24937750318e-11
2.10582541494e-11	-9.18393770863e-12
2.14151737113e-11	-7.26184654757e-13
2.17720932731e-11	-1.06679229523e-11
2.2129012835e-11	-3.31191652879e-11
2.24859323968e-11	-5.01583991355e-11
2.28428519587e-11	-5.13242649335e-11
2.31997715206e-11	-3.80943824662e-11
2.35566910824e-11	-2.33124848093e-11
2.39136106443e-11	-1.66395444515e-11
2.42705302061e-11	-2.04200928085e-11
2.4627449768e-11	-2.96187729291e-11
2.49843693298e-11	-3.50488144367e-11
2.53412888917e-11	-3.22712223697e-11
2.56982084535e-11	-2.49710579905e-11
2.60551280154e-11	-1.63038807173e-11
