% time-domain voltage integration by openEMS v0.0.35-108-gc651cce @Thu Mar  6 15:18:29 2025
% start-coordinates: (-3.48e-05,-8.4775e-06,0.00015727) m -> [26,65,48]
% stop-coordinates: (-3.48e-05,-8.4775e-06,0.00016498) m -> [26,65,76]
% t/s	voltage
0	-0
3.56919561855e-13	-1.26456393273e-09
7.13839123709e-13	-9.38453391386e-10
1.07075868556e-12	8.766446076e-10
1.42767824742e-12	7.37198127543e-09
1.78459780927e-12	2.22724045318e-08
2.14151737113e-12	4.9518350087e-08
2.49843693298e-12	8.94541545282e-08
2.85535649484e-12	1.33173193806e-07
3.21227605669e-12	1.55728181017e-07
3.56919561855e-12	1.12581057587e-07
3.9261151804e-12	-5.46344918195e-08
4.28303474226e-12	-3.9785988637e-07
4.63995430411e-12	-9.28678021594e-07
4.99687386597e-12	-1.58117112292e-06
5.35379342782e-12	-2.19215207409e-06
5.71071298967e-12	-2.5205821359e-06
6.06763255153e-12	-2.31585034527e-06
6.42455211338e-12	-1.41991388602e-06
6.78147167524e-12	1.37183765236e-07
7.13839123709e-12	2.09859406652e-06
7.49531079895e-12	4.03103422286e-06
7.8522303608e-12	5.45665240281e-06
8.20914992266e-12	6.01592621763e-06
8.56606948451e-12	5.59142726786e-06
8.92298904637e-12	4.33890468798e-06
9.27990860822e-12	2.61646296451e-06
9.63682817008e-12	8.49759429045e-07
9.99374773193e-12	-6.05082906446e-07
1.03506672938e-11	-1.54801249153e-06
1.07075868556e-11	-1.95042115791e-06
1.10645064175e-11	-1.91280192752e-06
1.14214259793e-11	-1.5970804732e-06
1.17783455412e-11	-1.16487188251e-06
1.21352651031e-11	-7.39258080529e-07
1.24921846649e-11	-3.92134694494e-07
1.28491042268e-11	-1.49696734564e-07
1.32060237886e-11	-6.41587893924e-09
1.35629433505e-11	5.99571654547e-08
1.39198629123e-11	7.63101246637e-08
1.42767824742e-11	6.64195423106e-08
1.4633702036e-11	4.72972797594e-08
1.49906215979e-11	2.8767399296e-08
1.53475411598e-11	1.49230441893e-08
1.57044607216e-11	6.29267779551e-09
1.60613802835e-11	1.76263957596e-09
1.64182998453e-11	-2.35571964713e-10
1.67752194072e-11	-1.14321631675e-09
1.7132138969e-11	-1.12745889014e-09
1.74890585309e-11	-9.84823320116e-10
1.78459780927e-11	-9.21197479409e-10
1.82028976546e-11	-9.46470332663e-10
1.85598172164e-11	-9.97967857658e-10
1.89167367783e-11	-1.02339076796e-09
1.92736563402e-11	-1.0053698915e-09
1.9630575902e-11	-9.5936930275e-10
1.99874954639e-11	-9.19651185066e-10
2.03444150257e-11	-9.05544004365e-10
2.07013345876e-11	-9.1699491403e-10
2.10582541494e-11	-9.3383908592e-10
2.14151737113e-11	-9.36829332859e-10
2.17720932731e-11	-9.21333613568e-10
2.2129012835e-11	-8.94571590415e-10
2.24859323968e-11	-8.71955415857e-10
2.28428519587e-11	-8.65841310108e-10
2.31997715206e-11	-8.72815068484e-10
2.35566910824e-11	-8.84469247842e-10
2.39136106443e-11	-8.86060251212e-10
2.42705302061e-11	-8.77291515475e-10
2.4627449768e-11	-8.65724597912e-10
2.49843693298e-11	-8.54956765106e-10
2.53412888917e-11	-8.53917405536e-10
2.56982084535e-11	-8.58656007408e-10
2.60551280154e-11	-8.65611035974e-10
