% time-domain voltage integration by openEMS v0.0.35-108-gc651cce @Tue Mar 25 09:23:32 2025
% start-coordinates: (0.000106717,-7.7e-07,0.00015727) m -> [110,102,53]
% stop-coordinates: (0.000106717,-7.7e-07,0.00016498) m -> [110,102,63]
% t/s	voltage
0	-0
3.57056277683e-13	-3.43701958561e-09
7.14112555367e-13	-3.43507783329e-09
1.07116883305e-12	4.05027758728e-10
1.42822511073e-12	1.71409291205e-08
1.78528138842e-12	5.87357917858e-08
2.1423376661e-12	1.39739555038e-07
2.49939394378e-12	2.66377443658e-07
2.85645022147e-12	4.1995996547e-07
3.21350649915e-12	5.34376649597e-07
3.57056277683e-12	4.76535719329e-07
3.92761905452e-12	5.09905915269e-08
4.2846753322e-12	-9.4885757207e-07
4.64173160988e-12	-2.63872350814e-06
4.99878788757e-12	-4.90624287863e-06
5.35584416525e-12	-7.29826896873e-06
5.71290044293e-12	-9.01177469359e-06
6.06995672062e-12	-9.05570567511e-06
6.4270129983e-12	-6.58537339859e-06
6.78406927599e-12	-1.31438442708e-06
7.14112555367e-12	6.16848755897e-06
7.49818183135e-12	1.43629095533e-05
7.85523810904e-12	2.11956061094e-05
8.21229438672e-12	2.4663701538e-05
8.5693506644e-12	2.35579828995e-05
8.92640694209e-12	1.79609158977e-05
9.28346321977e-12	9.29169695496e-06
9.64051949745e-12	-1.49954811679e-07
9.99757577514e-12	-7.9651786109e-06
1.03546320528e-11	-1.24494298461e-05
1.07116883305e-11	-1.30823277402e-05
1.10687446082e-11	-1.05462119961e-05
1.14258008859e-11	-6.31366387438e-06
1.17828571636e-11	-2.01977577063e-06
1.21399134412e-11	1.10809001086e-06
1.24969697189e-11	2.55441483432e-06
1.28540259966e-11	2.49608692116e-06
1.32110822743e-11	1.53928506919e-06
1.3568138552e-11	3.77142751695e-07
1.39251948297e-11	-4.8138783626e-07
1.42822511073e-11	-8.2829919279e-07
1.4639307385e-11	-7.24206959291e-07
1.49963636627e-11	-3.77218279723e-07
1.53534199404e-11	-1.02600960783e-08
1.57104762181e-11	2.2843982439e-07
1.60675324958e-11	2.94401729661e-07
1.64245887734e-11	2.24588865727e-07
1.67816450511e-11	9.38475999135e-08
1.71387013288e-11	-2.55832954821e-08
1.74957576065e-11	-9.26916401411e-08
1.78528138842e-11	-1.0043520704e-07
1.82098701619e-11	-6.66525730164e-08
1.85669264395e-11	-1.96077213355e-08
1.89239827172e-11	1.67036434129e-08
1.92810389949e-11	2.99717523022e-08
1.96380952726e-11	2.18905469307e-08
1.99951515503e-11	3.01174588047e-09
2.0352207828e-11	-1.38856934284e-08
2.07092641056e-11	-2.05580443779e-08
2.10663203833e-11	-1.58867659583e-08
2.1423376661e-11	-5.23370655148e-09
2.17804329387e-11	3.60357658991e-09
2.21374892164e-11	5.26950882929e-09
2.24945454941e-11	-5.30166938129e-10
2.28516017717e-11	-9.16082121272e-09
2.32086580494e-11	-1.46511051069e-08
2.35657143271e-11	-1.34010541275e-08
2.39227706048e-11	-6.13362981239e-09
2.42798268825e-11	2.30682480062e-09
2.46368831602e-11	6.7629984668e-09
2.49939394378e-11	4.33909187747e-09
2.53509957155e-11	-3.36540940948e-09
2.57080519932e-11	-1.16116581073e-08
2.60651082709e-11	-1.52462742431e-08
2.64221645486e-11	-1.22335205299e-08
2.67792208263e-11	-4.32501567893e-09
2.71362771039e-11	3.69204383732e-09
2.74933333816e-11	7.1031299731e-09
2.78503896593e-11	3.90788014448e-09
2.8207445937e-11	-3.72121755632e-09
2.85645022147e-11	-1.12729242052e-08
2.89215584924e-11	-1.43473812275e-08
2.927861477e-11	-1.11348669174e-08
2.96356710477e-11	-3.64153032728e-09
2.99927273254e-11	3.67183063121e-09
3.03497836031e-11	6.6745951266e-09
3.07068398808e-11	3.6828992217e-09
3.10638961585e-11	-3.47015636365e-09
3.14209524361e-11	-1.06890783724e-08
3.17780087138e-11	-1.37181929705e-08
3.21350649915e-11	-1.07368519908e-08
3.24921212692e-11	-3.4204485494e-09
3.28491775469e-11	3.88369285342e-09
3.32062338246e-11	6.89718782088e-09
3.35632901022e-11	3.85607090703e-09
3.39203463799e-11	-3.56531110191e-09
3.42774026576e-11	-1.09102234469e-08
3.46344589353e-11	-1.37375085196e-08
3.4991515213e-11	-1.02851963613e-08
3.53485714907e-11	-2.65535674698e-09
3.57056277683e-11	4.66310014213e-09
3.6062684046e-11	7.16907083698e-09
3.64197403237e-11	3.42432021627e-09
3.67767966014e-11	-4.33043345627e-09
3.71338528791e-11	-1.13909426336e-08
3.74909091568e-11	-1.34803609386e-08
3.78479654344e-11	-9.31721613751e-09
3.82050217121e-11	-1.49248569059e-09
3.85620779898e-11	5.27167638709e-09
3.89191342675e-11	6.9076935838e-09
3.92761905452e-11	2.44932607529e-09
3.96332468229e-11	-5.18671250394e-09
3.99903031005e-11	-1.14808832163e-08
4.03473593782e-11	-1.26027968061e-08
4.07044156559e-11	-8.08758132687e-09
4.10614719336e-11	-6.43435044828e-10
4.14185282113e-11	5.18524065352e-09
4.1775584489e-11	6.01041799664e-09
4.21326407666e-11	1.59685818041e-09
4.24896970443e-11	-5.45145248387e-09
4.2846753322e-11	-1.09039486884e-08
4.32038095997e-11	-1.17012071699e-08
4.35608658774e-11	-7.38827088398e-09
4.39179221551e-11	-5.68544641921e-10
4.42749784327e-11	4.77916999031e-09
4.46320347104e-11	5.61100525764e-09
4.49890909881e-11	1.42149358257e-09
4.53461472658e-11	-5.32850362445e-09
4.57032035435e-11	-1.06285438506e-08
4.60602598212e-11	-1.14736005974e-08
4.64173160988e-11	-7.17372797276e-09
4.67743723765e-11	-3.98294893594e-10
4.71314286542e-11	4.94351730385e-09
4.74884849319e-11	5.65849020417e-09
4.78455412096e-11	1.25576727489e-09
4.82025974873e-11	-5.59852289528e-09
4.85596537649e-11	-1.09194006059e-08
4.89167100426e-11	-1.13876197361e-08
4.92737663203e-11	-6.78030670498e-09
4.9630822598e-11	2.35526933026e-10
4.99878788757e-11	5.40850096653e-09
5.03449351534e-11	5.59510203446e-09
5.0701991431e-11	6.88199150445e-10
5.10590477087e-11	-6.36052116532e-09
5.14161039864e-11	-1.1231949093e-08
5.17731602641e-11	-1.09892658584e-08
5.21302165418e-11	-5.80835327058e-09
5.24872728195e-11	1.11505327888e-09
5.28443290971e-11	5.57988188987e-09
5.32013853748e-11	4.8950384024e-09
5.35584416525e-11	-3.23945054809e-10
5.39154979302e-11	-6.93391147277e-09
5.42725542079e-11	-1.09249208846e-08
5.46296104856e-11	-1.00254219926e-08
5.49866667632e-11	-4.87343622402e-09
5.53437230409e-11	1.38305524672e-09
5.57007793186e-11	5.08216525807e-09
5.60578355963e-11	4.09844394533e-09
5.6414891874e-11	-8.57969844476e-10
5.67719481517e-11	-6.85518569687e-09
5.71290044293e-11	-1.03892123793e-08
5.7486060707e-11	-9.38178085219e-09
5.78431169847e-11	-4.55373450059e-09
5.82001732624e-11	1.30496768252e-09
5.85572295401e-11	4.72321476375e-09
5.89142858178e-11	3.78621919928e-09
5.92713420954e-11	-1.0149097205e-09
5.96283983731e-11	-6.76618139295e-09
5.99854546508e-11	-1.01719827839e-08
6.03425109285e-11	-9.20919621117e-09
6.06995672062e-11	-4.44095764329e-09
6.10566234839e-11	1.39179884284e-09
6.14136797615e-11	4.8188032592e-09
6.17707360392e-11	3.76448976158e-09
6.21277923169e-11	-1.15245676023e-09
6.24848485946e-11	-7.08081362988e-09
6.28419048723e-11	-1.04039571958e-08
6.319896115e-11	-9.120073724e-09
6.35560174277e-11	-3.93407209587e-09
6.39130737053e-11	1.99612705531e-09
6.4270129983e-11	5.09559265616e-09
6.46271862607e-11	3.46226734782e-09
6.49842425384e-11	-1.90165549974e-09
6.53412988161e-11	-7.69268004852e-09
6.56983550938e-11	-1.04228764508e-08
6.60554113714e-11	-8.43440198239e-09
6.64124676491e-11	-3.03021918668e-09
6.67695239268e-11	2.48066471531e-09
6.71265802045e-11	4.83057011058e-09
6.74836364822e-11	2.66101544966e-09
6.78406927599e-11	-2.63939380074e-09
6.81977490375e-11	-7.85851156371e-09
6.85548053152e-11	-9.90283663405e-09
6.89118615929e-11	-7.63041302365e-09
6.92689178706e-11	-2.47322632513e-09
6.96259741483e-11	2.45245160291e-09
6.9983030426e-11	4.28788655971e-09
7.03400867036e-11	1.99558379543e-09
7.06971429813e-11	-2.95714160103e-09
7.1054199259e-11	-7.66597207935e-09
7.14112555367e-11	-9.37533498058e-09
7.17683118144e-11	-7.15064110701e-09
7.21253680921e-11	-2.35950740196e-09
7.24824243697e-11	2.24101991131e-09
7.28394806474e-11	3.91619102424e-09
7.31965369251e-11	1.79717958571e-09
7.35535932028e-11	-2.94293316105e-09
7.39106494805e-11	-7.52720341612e-09
7.42677057582e-11	-9.27421900387e-09
7.46247620358e-11	-7.09951003541e-09
7.49818183135e-11	-2.26153353683e-09
7.53388745912e-11	2.39156187909e-09
7.56959308689e-11	4.07117581314e-09
7.60529871466e-11	1.73063562786e-09
7.64100434243e-11	-3.24993432166e-09
7.67670997019e-11	-7.90224180536e-09
7.71241559796e-11	-9.39120739507e-09
7.74812122573e-11	-6.78987319147e-09
7.7838268535e-11	-1.68696017919e-09
7.81953248127e-11	2.82721576705e-09
7.85523810904e-11	4.0422146047e-09
7.8909437368e-11	1.19958504935e-09
7.92664936457e-11	-3.89607800189e-09
7.96235499234e-11	-8.20978085514e-09
7.99806062011e-11	-9.09777528313e-09
8.03376624788e-11	-6.1213565189e-09
8.06947187565e-11	-1.05054014793e-09
8.10517750341e-11	2.98081430372e-09
8.14088313118e-11	3.59870842848e-09
8.17658875895e-11	5.01859852287e-10
8.21229438672e-11	-4.40795729084e-09
8.24800001449e-11	-8.125130041e-09
8.28370564226e-11	-8.54182177767e-09
8.31941127002e-11	-5.41744828164e-09
8.35511689779e-11	-7.36193633832e-10
8.39082252556e-11	2.72733498285e-09
8.42652815333e-11	3.01559779925e-09
8.4622337811e-11	2.62522364958e-11
8.49793940887e-11	-4.46037098922e-09
8.53364503663e-11	-7.78810435587e-09
8.5693506644e-11	-8.04928337872e-09
