% time-domain current integration by openEMS v0.0.35-108-gc651cce @Tue Mar 25 09:23:32 2025
% start-coordinates: (0.000106255,-5.97e-06,0.00016018) m -> [108,90,58]
% stop-coordinates: (0.000106955,4.23e-06,0.00016018) m -> [111,113,58]
% t/s	current
1.6439055142e-16	0
3.57220668235e-13	-8.86790779697e-11
7.14276945918e-13	-1.00178428053e-10
1.0713332236e-12	2.7508316805e-11
1.42838950129e-12	4.40625591569e-10
1.78544577897e-12	1.42126732605e-09
2.14250205665e-12	3.24111026906e-09
2.49955833434e-12	5.97096549981e-09
2.85661461202e-12	9.04248320666e-09
3.2136708897e-12	1.07298809837e-08
3.57072716739e-12	7.88377807481e-09
3.92778344507e-12	-3.66601038415e-09
4.28483972275e-12	-2.76373288699e-08
4.64189600044e-12	-6.46872990728e-08
4.99895227812e-12	-1.09576106411e-07
5.3560085558e-12	-1.49706025354e-07
5.71306483349e-12	-1.66894380982e-07
6.07012111117e-12	-1.43147261156e-07
6.42717738885e-12	-6.90713051199e-08
6.78423366654e-12	4.87211657685e-08
7.14128994422e-12	1.8571445537e-07
7.4983462219e-12	3.05725109229e-07
7.85540249959e-12	3.73874797788e-07
8.21245877727e-12	3.70785272708e-07
8.56951505495e-12	3.00819095855e-07
8.92657133264e-12	1.898998363e-07
9.28362761032e-12	7.37565244435e-08
9.640683888e-12	-1.72451866121e-08
9.99774016569e-12	-6.8993628588e-08
1.03547964434e-11	-8.53167634318e-08
1.07118527211e-11	-8.11025770986e-08
1.10689089987e-11	-7.19352186707e-08
1.14259652764e-11	-6.63443202598e-08
1.17830215541e-11	-6.40962909415e-08
1.21400778318e-11	-5.98907803351e-08
1.24971341095e-11	-4.89262070857e-08
1.28541903872e-11	-3.07075573858e-08
1.32112466648e-11	-9.29452337317e-09
1.35683029425e-11	9.24650134237e-09
1.39253592202e-11	2.01328003158e-08
1.42824154979e-11	2.19202593854e-08
1.46394717756e-11	1.65776352645e-08
1.49965280533e-11	7.99690624831e-09
1.53535843309e-11	5.2834001063e-11
1.57106406086e-11	-4.81085882242e-09
1.60676968863e-11	-6.04110095281e-09
1.6424753164e-11	-4.55278348355e-09
1.67818094417e-11	-1.92599158844e-09
1.71388657194e-11	4.5172710017e-10
1.7495921997e-11	1.77244319222e-09
1.78529782747e-11	1.90703053349e-09
1.82100345524e-11	1.22027510319e-09
1.85670908301e-11	2.78453204938e-10
1.89241471078e-11	-4.41385900052e-10
1.92812033855e-11	-6.98000657273e-10
1.96382596631e-11	-5.30217203476e-10
1.99953159408e-11	-1.51317000596e-10
2.03523722185e-11	1.84148432614e-10
2.07094284962e-11	3.13790216033e-10
2.10664847739e-11	2.17316609152e-10
2.14235410516e-11	3.63575554212e-12
2.17805973292e-11	-1.70937874966e-10
2.21376536069e-11	-2.01479152806e-10
2.24947098846e-11	-8.40045602524e-11
2.28517661623e-11	8.82954889758e-11
2.320882244e-11	1.95719523921e-10
2.35658787177e-11	1.68367111919e-10
2.39229349953e-11	2.18875455954e-11
2.4279991273e-11	-1.45844392119e-10
2.46370475507e-11	-2.32513314158e-10
2.49941038284e-11	-1.81615722461e-10
2.53511601061e-11	-2.69777342826e-11
2.57082163838e-11	1.36855748956e-10
2.60652726614e-11	2.06934400171e-10
2.64223289391e-11	1.44582679162e-10
2.67793852168e-11	-1.42083081411e-11
2.71364414945e-11	-1.73192640784e-10
2.74934977722e-11	-2.38897929217e-10
2.78505540499e-11	-1.73063965936e-10
2.82076103275e-11	-1.97837076582e-11
2.85646666052e-11	1.29797950166e-10
2.89217228829e-11	1.88826523861e-10
2.92787791606e-11	1.2290511664e-10
2.96358354383e-11	-2.74718772036e-11
2.9992891716e-11	-1.72490438599e-10
3.03499479936e-11	-2.30343230601e-10
3.07070042713e-11	-1.6860668417e-10
3.1064060549e-11	-2.52241266069e-11
3.14211168267e-11	1.18045934139e-10
3.17781731044e-11	1.76558698217e-10
3.21352293821e-11	1.15066921269e-10
3.24922856597e-11	-3.18547063727e-11
3.28493419374e-11	-1.76759218373e-10
3.32063982151e-11	-2.34779307107e-10
3.35634544928e-11	-1.72127159748e-10
3.39205107705e-11	-2.31316407001e-11
3.42775670482e-11	1.22460444563e-10
3.46346233258e-11	1.76786266182e-10
3.49916796035e-11	1.0575913062e-10
3.53487358812e-11	-4.73846344107e-11
3.57057921589e-11	-1.92219004602e-10
3.60628484366e-11	-2.39846170702e-10
3.64199047143e-11	-1.63188643154e-10
3.67769609919e-11	-7.81567258828e-12
3.71340172696e-11	1.31831282002e-10
3.74910735473e-11	1.71311922981e-10
3.7848129825e-11	8.62979271377e-11
3.82051861027e-11	-7.03632291321e-11
3.85622423804e-11	-2.04102956758e-10
3.8919298658e-11	-2.34476243977e-10
3.92763549357e-11	-1.43586434409e-10
3.96334112134e-11	9.08537394623e-12
3.99904674911e-11	1.33277208714e-10
4.03475237688e-11	1.53519405521e-10
4.07045800465e-11	6.17966650074e-11
4.10616363241e-11	-8.69937108461e-11
4.14186926018e-11	-2.01939687194e-10
4.17757488795e-11	-2.16356862981e-10
4.21328051572e-11	-1.26624558061e-10
4.24898614349e-11	1.41278785545e-11
4.28469177126e-11	1.21435722589e-10
4.32039739902e-11	1.35442365656e-10
4.35610302679e-11	4.79450611157e-11
4.39180865456e-11	-8.82987016837e-11
4.42751428233e-11	-1.93750751554e-10
4.4632199101e-11	-2.08502159982e-10
4.49892553787e-11	-1.23372895233e-10
4.53463116563e-11	1.14626407324e-11
4.5703367934e-11	1.16069369394e-10
4.60604242117e-11	1.31051239305e-10
4.64174804894e-11	4.37963103284e-11
4.67745367671e-11	-9.1662302748e-11
4.71315930448e-11	-1.97083169229e-10
4.74886493224e-11	-2.09281703079e-10
4.78457056001e-11	-1.20026266703e-10
4.82027618778e-11	1.70359091417e-11
4.85598181555e-11	1.21784374252e-10
4.89168744332e-11	1.29248167724e-10
4.92739307109e-11	3.57393906136e-11
4.96309869885e-11	-1.04250157118e-10
4.99880432662e-11	-2.06103134559e-10
5.03450995439e-11	-2.07976566524e-10
5.07021558216e-11	-1.08604375493e-10
5.10592120993e-11	3.20306767221e-11
5.1416268377e-11	1.27862387345e-10
5.17733246546e-11	1.20932333592e-10
5.21303809323e-11	1.62516389235e-11
5.248743721e-11	-1.21722562585e-10
5.28444934877e-11	-2.09275388685e-10
5.32015497654e-11	-1.93650845359e-10
5.35586060431e-11	-8.83177211919e-11
5.39156623207e-11	4.32446613241e-11
5.42727185984e-11	1.21335316794e-10
5.46297748761e-11	1.0149985713e-10
5.49868311538e-11	-2.26045657886e-12
5.53438874315e-11	-1.26832877534e-10
5.57009437092e-11	-1.99055424921e-10
5.60579999868e-11	-1.77761708131e-10
5.64150562645e-11	-7.78121803102e-11
5.67721125422e-11	4.1475937268e-11
5.71291688199e-11	1.10554940203e-10
5.74862250976e-11	8.88255163867e-11
5.78432813753e-11	-8.47468449583e-12
5.8200337653e-11	-1.24966259563e-10
5.85573939306e-11	-1.91889296119e-10
5.89144502083e-11	-1.71609740307e-10
5.9271506486e-11	-7.48418133023e-11
5.96285627637e-11	3.95837980449e-11
5.99856190414e-11	1.06194761318e-10
6.03426753191e-11	8.53523501876e-11
6.06997315967e-11	-1.0669184286e-11
6.10567878744e-11	-1.2677280059e-10
6.14138441521e-11	-1.93820653971e-10
6.17709004298e-11	-1.7104982708e-10
6.21279567075e-11	-7.20964815626e-11
6.24850129852e-11	4.59481688808e-11
6.28420692628e-11	1.10791376073e-10
6.31991255405e-11	8.35593885751e-11
6.35561818182e-11	-2.0958243821e-11
6.39132380959e-11	-1.38858202714e-10
6.42702943736e-11	-1.99182587091e-10
6.46273506513e-11	-1.64862304364e-10
6.49844069289e-11	-5.69868353895e-11
6.53414632066e-11	5.79618089636e-11
6.56985194843e-11	1.10941977827e-10
6.6055575762e-11	6.9694763849e-11
6.64126320397e-11	-3.89375372223e-11
6.67696883174e-11	-1.48283843537e-10
6.7126744595e-11	-1.93568119866e-10
6.74838008727e-11	-1.48705117664e-10
6.78408571504e-11	-4.24227701579e-11
6.81979134281e-11	6.10710648719e-11
6.85549697058e-11	1.00302197104e-10
6.89120259835e-11	5.35702870952e-11
6.92690822611e-11	-4.98013227879e-11
6.96261385388e-11	-1.47431941655e-10
6.99831948165e-11	-1.82555900952e-10
7.03402510942e-11	-1.35518263278e-10
7.06973073719e-11	-3.62953347932e-11
7.10543636496e-11	5.69955610485e-11
7.14114199272e-11	8.97428659163e-11
7.17684762049e-11	4.40480291131e-11
7.21255324826e-11	-5.19365557505e-11
7.24825887603e-11	-1.43087666715e-10
7.2839645038e-11	-1.75228095922e-10
7.31967013157e-11	-1.31738758791e-10
7.35537575933e-11	-3.65516956979e-11
7.3910813871e-11	5.42403691406e-11
7.42678701487e-11	8.775852961e-11
7.46249264264e-11	4.30980251487e-11
7.49819827041e-11	-5.38946526296e-11
7.53390389818e-11	-1.46185161198e-10
7.56960952594e-11	-1.78248069083e-10
7.60531515371e-11	-1.30213576033e-10
7.64102078148e-11	-3.04080510771e-11
7.67672640925e-11	6.16747208859e-11
7.71243203702e-11	9.00184995989e-11
7.74813766479e-11	3.67429073278e-11
7.78384329255e-11	-6.54474599515e-11
7.81954892032e-11	-1.5471673942e-10
7.85525454809e-11	-1.77488163056e-10
7.89096017586e-11	-1.19487086891e-10
7.92666580363e-11	-1.75700773375e-11
7.9623714314e-11	6.76385614184e-11
7.99807705916e-11	8.3887972957e-11
8.03378268693e-11	2.32997041799e-11
8.0694883147e-11	-7.80733255823e-11
8.10519394247e-11	-1.57618987306e-10
8.14089957024e-11	-1.68416586233e-10
8.17660519801e-11	-1.05574195219e-10
8.21231082577e-11	-7.48450433574e-12
8.24801645354e-11	6.57181670194e-11
8.28372208131e-11	7.26487134339e-11
8.31942770908e-11	9.31334349918e-12
8.35513333685e-11	-8.41410413566e-11
8.39083896462e-11	-1.52362178429e-10
8.42654459238e-11	-1.56723176103e-10
8.46225022015e-11	-9.61901461261e-11
8.49795584792e-11	-6.70138770864e-12
8.53366147569e-11	5.88571899551e-11
8.56936710346e-11	6.28488719401e-11
