% time-domain voltage integration by openEMS v0.0.35-108-gc651cce @Tue Mar 25 09:23:32 2025
% start-coordinates: (9.0955e-05,-1.80075e-05,0.00015727) m -> [80,68,53]
% stop-coordinates: (9.0955e-05,-1.80075e-05,0.00016498) m -> [80,68,63]
% t/s	voltage
0	-0
3.57056277683e-13	-6.62665550905e-10
7.14112555367e-13	-1.47778056805e-09
1.07116883305e-12	-1.39080548814e-09
1.42822511073e-12	1.44786390776e-10
1.78528138842e-12	6.74778788401e-09
2.1423376661e-12	2.536707705e-08
2.49939394378e-12	6.25549394506e-08
2.85645022147e-12	1.24629680354e-07
3.21350649915e-12	2.09407848839e-07
3.57056277683e-12	2.9461163642e-07
3.92761905452e-12	3.26738828882e-07
4.2846753322e-12	2.14824867228e-07
4.64173160988e-12	-1.5923900909e-07
4.99878788757e-12	-9.08302432379e-07
5.35584416525e-12	-2.08017829095e-06
5.71290044293e-12	-3.5882036542e-06
6.06995672062e-12	-5.15743785456e-06
6.4270129983e-12	-6.32454889171e-06
6.78406927599e-12	-6.51745641278e-06
7.14112555367e-12	-5.21868305725e-06
7.49818183135e-12	-2.17069992914e-06
7.85523810904e-12	2.44592230558e-06
8.21229438672e-12	7.94631841927e-06
8.5693506644e-12	1.32416612075e-05
8.92640694209e-12	1.71045530806e-05
9.28346321977e-12	1.85254762073e-05
9.64051949745e-12	1.70414559193e-05
9.99757577514e-12	1.29095604393e-05
1.03546320528e-11	7.05509353338e-06
1.07116883305e-11	8.02703473468e-07
1.10687446082e-11	-4.514354913e-06
1.14258008859e-11	-7.92854172005e-06
1.17828571636e-11	-9.06923992261e-06
1.21399134412e-11	-8.18460708274e-06
1.24969697189e-11	-5.97219550968e-06
1.28540259966e-11	-3.29965469348e-06
1.32110822743e-11	-9.2738834212e-07
1.3568138552e-11	6.78065305237e-07
1.39251948297e-11	1.39636947694e-06
1.42822511073e-11	1.38738543498e-06
1.4639307385e-11	9.56513122929e-07
1.49963636627e-11	4.15980293766e-07
1.53534199404e-11	-1.2794960258e-08
1.57104762181e-11	-2.3449329678e-07
1.60675324958e-11	-2.62752662294e-07
1.64245887734e-11	-1.72309863267e-07
1.67816450511e-11	-4.93459514361e-08
1.71387013288e-11	4.43872095746e-08
1.74957576065e-11	8.39229430394e-08
1.78528138842e-11	7.54558722171e-08
1.82098701619e-11	4.14814839145e-08
1.85669264395e-11	5.86255145818e-09
1.89239827172e-11	-1.67232048209e-08
1.92810389949e-11	-2.29877080149e-08
1.96380952726e-11	-1.751662565e-08
1.99951515503e-11	-7.6223974077e-09
2.0352207828e-11	6.32620246119e-10
2.07092641056e-11	4.82373013755e-09
2.10663203833e-11	5.5244471775e-09
2.1423376661e-11	4.40504882571e-09
2.17804329387e-11	2.83945582324e-09
2.21374892164e-11	1.43307191114e-09
2.24945454941e-11	3.14566551518e-11
2.28516017717e-11	-1.32860682178e-09
2.32086580494e-11	-2.42235163178e-09
2.35657143271e-11	-2.69427820332e-09
2.39227706048e-11	-2.00360690539e-09
2.42798268825e-11	-4.95807920761e-10
2.46368831602e-11	9.6492049767e-10
2.49939394378e-11	1.70907522162e-09
2.53509957155e-11	1.30914239865e-09
2.57080519932e-11	-5.13682903722e-11
2.60651082709e-11	-1.60059754686e-09
2.64221645486e-11	-2.62118594885e-09
2.67792208263e-11	-2.58692949007e-09
2.71362771039e-11	-1.6545073922e-09
2.74933333816e-11	-2.99073024158e-10
2.78503896593e-11	7.48458180849e-10
2.8207445937e-11	8.76910280501e-10
2.85645022147e-11	-1.63817009003e-11
2.89215584924e-11	-1.46189287065e-09
2.927861477e-11	-2.71069706959e-09
2.96356710477e-11	-3.02041067851e-09
2.99927273254e-11	-2.24334799348e-09
3.03497836031e-11	-7.38759158014e-10
3.07068398808e-11	5.58893148775e-10
3.10638961585e-11	8.42524872785e-10
3.14209524361e-11	-1.29296517503e-10
3.17780087138e-11	-1.87118029404e-09
3.21350649915e-11	-3.27084295065e-09
3.24921212692e-11	-3.50756891587e-09
3.28491775469e-11	-2.36932758135e-09
3.32062338246e-11	-5.87394251295e-10
3.35632901022e-11	7.14627123102e-10
3.39203463799e-11	6.81472732411e-10
3.42774026576e-11	-6.7345214301e-10
3.46344589353e-11	-2.49549963333e-09
3.4991515213e-11	-3.68400515649e-09
3.53485714907e-11	-3.45182857298e-09
3.57056277683e-11	-2.04135492538e-09
3.6062684046e-11	-3.72598556175e-10
3.64197403237e-11	5.35214947014e-10
3.67767966014e-11	1.12886464499e-10
3.71338528791e-11	-1.30435460696e-09
3.74909091568e-11	-2.83841880555e-09
3.78479654344e-11	-3.53839836598e-09
3.82050217121e-11	-3.13186079848e-09
3.85620779898e-11	-1.85132060376e-09
3.89191342675e-11	-5.82083360678e-10
3.92761905452e-11	3.04404260045e-11
3.96332468229e-11	-3.55602098115e-10
3.99903031005e-11	-1.47729877636e-09
4.03473593782e-11	-2.69376363576e-09
4.07044156559e-11	-3.31161836842e-09
4.10614719336e-11	-3.07061280569e-09
4.14185282113e-11	-2.11875680889e-09
4.1775584489e-11	-9.66346998948e-10
4.21326407666e-11	-2.32170809487e-10
4.24896970443e-11	-3.81008013334e-10
4.2846753322e-11	-1.34297684778e-09
4.32038095997e-11	-2.59813699027e-09
4.35608658774e-11	-3.46070269663e-09
4.39179221551e-11	-3.38710991199e-09
4.42749784327e-11	-2.36849050789e-09
4.46320347104e-11	-9.89995065093e-10
4.49890909881e-11	-6.25835331908e-11
4.53461472658e-11	-2.38843358286e-10
4.57032035435e-11	-1.42797451294e-09
4.60602598212e-11	-2.93406933471e-09
4.64173160988e-11	-3.82011663969e-09
4.67743723765e-11	-3.52054548014e-09
4.71314286542e-11	-2.19541623075e-09
4.74884849319e-11	-6.62959385306e-10
4.78455412096e-11	9.26159314171e-11
4.82025974873e-11	-4.52057440092e-10
4.85596537649e-11	-1.89004871476e-09
4.89167100426e-11	-3.34047681877e-09
4.92737663203e-11	-3.89053998739e-09
4.9630822598e-11	-3.23823968335e-09
4.99878788757e-11	-1.83107084356e-09
5.03449351534e-11	-5.44098354913e-10
5.0701991431e-11	-1.82047636514e-10
5.10590477087e-11	-9.16239722981e-10
5.14161039864e-11	-2.2401379432e-09
5.17731602641e-11	-3.33790921986e-09
5.21302165418e-11	-3.5961462419e-09
5.24872728195e-11	-2.92215373426e-09
5.28443290971e-11	-1.73914627144e-09
5.32013853748e-11	-8.12695261782e-10
5.35584416525e-11	-5.74764532843e-10
5.39154979302e-11	-1.15824679708e-09
5.42725542079e-11	-2.18890861686e-09
5.46296104856e-11	-3.10794126546e-09
5.49866667632e-11	-3.39746647482e-09
5.53437230409e-11	-2.95457438376e-09
5.57007793186e-11	-1.99784158661e-09
5.60578355963e-11	-1.05592517369e-09
5.6414891874e-11	-6.39765750793e-10
5.67719481517e-11	-1.02563671792e-09
5.71290044293e-11	-2.03027754331e-09
5.7486060707e-11	-3.09731854747e-09
5.78431169847e-11	-3.58380518317e-09
5.82001732624e-11	-3.19116387482e-09
5.85572295401e-11	-2.0822048391e-09
5.89142858178e-11	-9.21507856133e-10
5.92713420954e-11	-4.39292319535e-10
5.96283983731e-11	-9.48852600657e-10
5.99854546508e-11	-2.20576545223e-09
6.03425109285e-11	-3.40419267775e-09
6.06995672062e-11	-3.81662453031e-09
6.10566234839e-11	-3.13250367312e-09
6.14136797615e-11	-1.80951569007e-09
6.17707360392e-11	-6.55386149864e-10
6.21277923169e-11	-4.06578611056e-10
6.24848485946e-11	-1.24025350406e-09
6.28419048723e-11	-2.57287487843e-09
6.319896115e-11	-3.61789014025e-09
6.35560174277e-11	-3.67971933479e-09
6.39130737053e-11	-2.80638257077e-09
6.4270129983e-11	-1.53515218246e-09
6.46271862607e-11	-6.75651219001e-10
6.49842425384e-11	-7.29726222157e-10
6.53412988161e-11	-1.62148583796e-09
6.56983550938e-11	-2.75049887033e-09
6.60554113714e-11	-3.45884904052e-09
6.64124676491e-11	-3.35631294979e-09
6.67695239268e-11	-2.58442280077e-09
6.71265802045e-11	-1.59889530782e-09
6.74836364822e-11	-9.73247645669e-10
6.78406927599e-11	-1.02734008106e-09
6.81977490375e-11	-1.68567891243e-09
6.85548053152e-11	-2.59057595514e-09
6.89118615929e-11	-3.22720580814e-09
6.92689178706e-11	-3.28771675856e-09
6.96259741483e-11	-2.72327482786e-09
6.9983030426e-11	-1.80765134805e-09
7.03400867036e-11	-1.09447981234e-09
7.06971429813e-11	-9.58641076243e-10
7.1054199259e-11	-1.53201074743e-09
7.14112555367e-11	-2.50695102177e-09
7.17683118144e-11	-3.31337803028e-09
7.21253680921e-11	-3.47776497878e-09
7.24824243697e-11	-2.85632552333e-09
7.28394806474e-11	-1.7908996508e-09
7.31965369251e-11	-8.98638809199e-10
7.35535932028e-11	-8.05526664469e-10
7.39106494805e-11	-1.56034685173e-09
7.42677057582e-11	-2.72762382125e-09
7.46247620358e-11	-3.57966507825e-09
7.49818183135e-11	-3.56843884997e-09
7.53388745912e-11	-2.68170215201e-09
7.56959308689e-11	-1.49004391811e-09
7.60529871466e-11	-7.39282189285e-10
7.64100434243e-11	-9.11879485116e-10
7.67670997019e-11	-1.88619722619e-09
7.71241559796e-11	-3.02732322544e-09
7.74812122573e-11	-3.62043937885e-09
7.7838268535e-11	-3.32747311649e-09
7.81953248127e-11	-2.37545503406e-09
7.85523810904e-11	-1.35710287799e-09
7.8909437368e-11	-9.0376642628e-10
7.92664936457e-11	-1.25496841391e-09
7.96235499234e-11	-2.14144868504e-09
7.99806062011e-11	-3.01116483831e-09
8.03376624788e-11	-3.38523108157e-09
8.06947187565e-11	-3.06798644822e-09
8.10517750341e-11	-2.29867598567e-09
8.14088313118e-11	-1.51935678275e-09
8.17658875895e-11	-1.16246574172e-09
8.21229438672e-11	-1.39863752524e-09
8.24800001449e-11	-2.07524961104e-09
8.28370564226e-11	-2.82834233811e-09
8.31941127002e-11	-3.24476463059e-09
8.35511689779e-11	-3.09438437374e-09
8.39082252556e-11	-2.45190668463e-09
8.42652815333e-11	-1.67240987031e-09
8.4622337811e-11	-1.16985971951e-09
8.49793940887e-11	-1.29727278919e-09
8.53364503663e-11	-1.95385879698e-09
8.5693506644e-11	-2.8233807306e-09
