% time-domain current integration by openEMS v0.0.35-108-gc651cce @Tue Mar 25 09:23:32 2025
% start-coordinates: (8.5755e-05,-1.847e-05,0.00016018) m -> [68,66,58]
% stop-coordinates: (9.5955e-05,-1.777e-05,0.00016018) m -> [91,69,58]
% t/s	current
1.6439055142e-16	0
3.57220668235e-13	1.39407469943e-11
7.14276945918e-13	2.96328066252e-11
1.0713332236e-12	2.75336003996e-11
1.42838950129e-12	-4.92940627553e-12
1.78544577897e-12	-1.41464340242e-10
2.14250205665e-12	-5.21279297505e-10
2.49955833434e-12	-1.27688148943e-09
2.85661461202e-12	-2.53102561132e-09
3.2136708897e-12	-4.23193169397e-09
3.57072716739e-12	-5.92095839025e-09
3.92778344507e-12	-6.50920339851e-09
4.28483972275e-12	-4.16141743287e-09
4.64189600044e-12	3.48746076462e-09
4.99895227812e-12	1.86698709825e-08
5.3560085558e-12	4.22836556879e-08
5.71306483349e-12	7.25082358599e-08
6.07012111117e-12	1.0375094206e-07
6.42717738885e-12	1.26685989699e-07
6.78423366654e-12	1.29887737899e-07
7.14128994422e-12	1.03119035089e-07
7.4983462219e-12	4.14264818005e-08
7.85540249959e-12	-5.13480635789e-08
8.21245877727e-12	-1.61324607006e-07
8.56951505495e-12	-2.66660293846e-07
8.92657133264e-12	-3.42899397765e-07
9.28362761032e-12	-3.70080925904e-07
9.640683888e-12	-3.39245701753e-07
9.99774016569e-12	-2.55813375816e-07
1.03547964434e-11	-1.38460066523e-07
1.07118527211e-11	-1.36967024389e-08
1.10689089987e-11	9.19400733324e-08
1.14259652764e-11	1.59321743354e-07
1.17830215541e-11	1.81277286515e-07
1.21400778318e-11	1.62959238992e-07
1.24971341095e-11	1.18411506378e-07
1.28541903872e-11	6.49762483818e-08
1.32112466648e-11	1.77707750737e-08
1.35683029425e-11	-1.40018006078e-08
1.39253592202e-11	-2.80516783135e-08
1.42824154979e-11	-2.76522413856e-08
1.46394717756e-11	-1.89362268088e-08
1.49965280533e-11	-8.12970402109e-09
1.53535843309e-11	3.82307574487e-10
1.57106406086e-11	4.73846428761e-09
1.60676968863e-11	5.24346388531e-09
1.6424753164e-11	3.40553141243e-09
1.67818094417e-11	9.45473921377e-10
1.71388657194e-11	-9.13160380644e-10
1.7495921997e-11	-1.68425406954e-09
1.78529782747e-11	-1.50088197426e-09
1.82100345524e-11	-8.16071155096e-10
1.85670908301e-11	-1.05805732231e-10
1.89241471078e-11	3.40561995271e-10
1.92812033855e-11	4.60600890761e-10
1.96382596631e-11	3.47955775304e-10
1.99953159408e-11	1.49434367658e-10
2.03523722185e-11	-1.49169513547e-11
2.07094284962e-11	-9.74722802471e-11
2.10664847739e-11	-1.10489645211e-10
2.14235410516e-11	-8.73249528244e-11
2.17805973292e-11	-5.57196268292e-11
2.21376536069e-11	-2.74415646456e-11
2.24947098846e-11	5.37940839877e-13
2.28517661623e-11	2.72889280617e-11
2.320882244e-11	4.86901560737e-11
2.35658787177e-11	5.36851535449e-11
2.39229349953e-11	3.95280579102e-11
2.4279991273e-11	9.59917388632e-12
2.46370475507e-11	-1.91094674806e-11
2.49941038284e-11	-3.36582220428e-11
2.53511601061e-11	-2.54269400674e-11
2.57082163838e-11	1.77218634732e-12
2.60652726614e-11	3.24662415008e-11
2.64223289391e-11	5.24692685133e-11
2.67793852168e-11	5.15419512626e-11
2.71364414945e-11	3.29228172502e-11
2.74934977722e-11	5.9285818442e-12
2.78505540499e-11	-1.46663878958e-11
2.82076103275e-11	-1.70258147858e-11
2.85646666052e-11	8.76538804647e-13
2.89217228829e-11	2.95926720628e-11
2.92787791606e-11	5.45217274106e-11
2.96358354383e-11	6.03306848923e-11
2.9992891716e-11	4.46333976722e-11
3.03499479936e-11	1.46153228409e-11
3.07070042713e-11	-1.11190969626e-11
3.1064060549e-11	-1.64995777457e-11
3.14211168267e-11	3.32875480652e-12
3.17781731044e-11	3.80132730848e-11
3.21352293821e-11	6.56712600966e-11
3.24922856597e-11	7.00294405798e-11
3.28493419374e-11	4.70254737928e-11
3.32063982151e-11	1.14794753564e-11
3.35634544928e-11	-1.41803513376e-11
3.39205107705e-11	-1.30256716871e-11
3.42775670482e-11	1.41387483318e-11
3.46346233258e-11	5.04156612291e-11
3.49916796035e-11	7.37052086031e-11
3.53487358812e-11	6.86410858708e-11
3.57057921589e-11	4.04477493166e-11
3.60628484366e-11	7.26729483883e-12
3.64199047143e-11	-1.0343445718e-11
3.67769609919e-11	-1.56972351784e-12
3.71340172696e-11	2.6681191978e-11
3.74910735473e-11	5.6999585607e-11
3.7848129825e-11	7.06165056985e-11
3.82051861027e-11	6.22563042785e-11
3.85622423804e-11	3.6808098236e-11
3.8919298658e-11	1.16360133334e-11
3.92763549357e-11	-3.26920511062e-13
3.96334112134e-11	7.64197906344e-12
3.99904674911e-11	2.99194696796e-11
4.03475237688e-11	5.40302802499e-11
4.07045800465e-11	6.61526805557e-11
4.10616363241e-11	6.1221284986e-11
4.14186926018e-11	4.2161021202e-11
4.17757488795e-11	1.93154641587e-11
4.21328051572e-11	4.89352959196e-12
4.24898614349e-11	7.92454730308e-12
4.28469177126e-11	2.72587473427e-11
4.32039739902e-11	5.21727314129e-11
4.35610302679e-11	6.93465770918e-11
4.39180865456e-11	6.75558012309e-11
4.42751428233e-11	4.70776959083e-11
4.4632199101e-11	1.96075811837e-11
4.49892553787e-11	1.40174818367e-12
4.53463116563e-11	5.15246179056e-12
4.5703367934e-11	2.90696928334e-11
4.60604242117e-11	5.90660853561e-11
4.64174804894e-11	7.64870319858e-11
4.67745367671e-11	7.00449559465e-11
4.71315930448e-11	4.34556314544e-11
4.74886493224e-11	1.3161981921e-11
4.78457056001e-11	-1.57311197489e-12
4.82027618778e-11	9.54541654052e-12
4.85598181555e-11	3.82896908624e-11
4.89168744332e-11	6.70183769591e-11
4.92739307109e-11	7.75878736259e-11
4.96309869885e-11	6.42564820796e-11
4.99880432662e-11	3.6227722211e-11
5.03450995439e-11	1.09102371235e-11
5.07021558216e-11	3.97872967212e-12
5.10592120993e-11	1.87939941387e-11
5.1416268377e-11	4.5131218207e-11
5.17733246546e-11	6.67979074831e-11
5.21303809323e-11	7.16591508354e-11
5.248743721e-11	5.81110784492e-11
5.28444934877e-11	3.45790514278e-11
5.32015497654e-11	1.63709636125e-11
5.35586060431e-11	1.18751597097e-11
5.39156623207e-11	2.34948067945e-11
5.42727185984e-11	4.39705147293e-11
5.46297748761e-11	6.21453097316e-11
5.49868311538e-11	6.77851941244e-11
5.53438874315e-11	5.88993229189e-11
5.57009437092e-11	3.97835063504e-11
5.60579999868e-11	2.10927178501e-11
5.64150562645e-11	1.29648609556e-11
5.67721125422e-11	2.08048647754e-11
5.71291688199e-11	4.0849840871e-11
5.74862250976e-11	6.20894863301e-11
5.78432813753e-11	7.15909484472e-11
5.8200337653e-11	6.35679356376e-11
5.85573939306e-11	4.14577747132e-11
5.89144502083e-11	1.83612847149e-11
5.9271506486e-11	8.97061591676e-12
5.96285627637e-11	1.93419117528e-11
5.99856190414e-11	4.44795797416e-11
6.03426753191e-11	6.81927361801e-11
6.06997315967e-11	7.60850688009e-11
6.10567878744e-11	6.22818949192e-11
6.14138441521e-11	3.58359869557e-11
6.17709004298e-11	1.30742795063e-11
6.21279567075e-11	8.45079388412e-12
6.24850129852e-11	2.52481195673e-11
6.28420692628e-11	5.18001475047e-11
6.31991255405e-11	7.23562668115e-11
6.35561818182e-11	7.33276078746e-11
6.39132380959e-11	5.57397045187e-11
6.42702943736e-11	3.04331351786e-11
6.46273506513e-11	1.36190390562e-11
6.49844069289e-11	1.4959670655e-11
6.53414632066e-11	3.27561103242e-11
6.56985194843e-11	5.51509914126e-11
6.6055575762e-11	6.90726711938e-11
6.64126320397e-11	6.68121599712e-11
6.67696883174e-11	5.14538550656e-11
6.7126744595e-11	3.192322795e-11
6.74838008727e-11	1.95458666613e-11
6.78408571504e-11	2.08082821807e-11
6.81979134281e-11	3.39520980774e-11
6.85549697058e-11	5.19174044034e-11
6.89120259835e-11	6.45164893731e-11
6.92690822611e-11	6.56088031126e-11
6.96261385388e-11	5.42750636101e-11
6.99831948165e-11	3.6025890604e-11
7.03402510942e-11	2.1913011336e-11
7.06973073719e-11	1.93467498966e-11
7.10543636496e-11	3.08987176123e-11
7.14114199272e-11	5.02830103943e-11
7.17684762049e-11	6.63119420485e-11
7.21255324826e-11	6.94265547829e-11
7.24825887603e-11	5.67718511091e-11
7.2839645038e-11	3.56379405153e-11
7.31967013157e-11	1.80011804074e-11
7.35537575933e-11	1.63296546424e-11
7.3910813871e-11	3.15310867693e-11
7.42678701487e-11	5.48609942197e-11
7.46249264264e-11	7.16003437096e-11
7.49819827041e-11	7.10958375505e-11
7.53390389818e-11	5.32665474229e-11
7.56960952594e-11	2.95239006853e-11
7.60531515371e-11	1.48362468144e-11
7.64102078148e-11	1.85703605271e-11
7.67672640925e-11	3.80282888512e-11
7.71243203702e-11	6.06987793361e-11
7.74813766479e-11	7.2330398615e-11
7.78384329255e-11	6.62365232107e-11
7.81954892032e-11	4.71696882942e-11
7.85525454809e-11	2.7081272988e-11
7.89096017586e-11	1.82518375413e-11
7.92666580363e-11	2.54398342669e-11
7.9623714314e-11	4.30819407926e-11
7.99807705916e-11	6.02861302545e-11
8.03378268693e-11	6.75026909369e-11
8.0694883147e-11	6.11003053708e-11
8.10519394247e-11	4.5746656463e-11
8.14089957024e-11	3.03612274211e-11
8.17660519801e-11	2.33757353751e-11
8.21231082577e-11	2.82063886137e-11
8.24801645354e-11	4.16640957845e-11
8.28372208131e-11	5.66524605006e-11
8.31942770908e-11	6.47980905044e-11
8.35513333685e-11	6.17042736351e-11
8.39083896462e-11	4.88292045686e-11
8.42654459238e-11	3.33874941583e-11
8.46225022015e-11	2.34393580933e-11
8.49795584792e-11	2.60726405743e-11
8.53366147569e-11	3.93063359638e-11
8.56936710346e-11	5.66401439639e-11
