% time-domain current integration by openEMS v0.0.35-108-gc651cce @Wed Mar 12 09:10:37 2025
% start-coordinates: (-1.274e-05,-4.4427e-05,0.000161037) m -> [156,68,60]
% stop-coordinates: (-1.194e-05,-4.11275e-05,0.000161037) m -> [158,75,60]
% t/s	current
2.44035880086e-16	0
3.57024492566e-13	-2.36987617031e-11
7.13804949251e-13	-2.670395155e-11
1.07058540594e-12	-1.51852575653e-12
1.42736586262e-12	9.72354904927e-11
1.78414631931e-12	3.43768347122e-10
2.14092677599e-12	8.23992041266e-10
2.49770723268e-12	1.57748314411e-09
2.85448768937e-12	2.49059439739e-09
3.21126814605e-12	3.15088244385e-09
3.56804860274e-12	2.73914313453e-09
3.92482905942e-12	7.71967906266e-11
4.28160951611e-12	-6.03648464548e-09
4.63838997279e-12	-1.61590918424e-08
4.99517042948e-12	-2.93650774807e-08
5.35195088616e-12	-4.26320951874e-08
5.70873134285e-12	-5.09748439015e-08
6.06551179954e-12	-4.86888325213e-08
6.42229225622e-12	-3.15688737373e-08
6.77907271291e-12	6.76066869154e-10
7.13585316959e-12	4.30129496465e-08
7.49263362628e-12	8.57099493601e-08
7.84941408296e-12	1.17185145143e-07
8.20619453965e-12	1.28121172338e-07
8.56297499634e-12	1.15076474572e-07
8.91975545302e-12	8.18964380755e-08
9.27653590971e-12	3.82254121689e-08
9.63331636639e-12	-4.18201029362e-09
9.99009682308e-12	-3.56303786475e-08
1.03468772798e-11	-5.13359132981e-08
1.07036577364e-11	-5.19823935008e-08
1.10604381931e-11	-4.21858672439e-08
1.14172186498e-11	-2.79483387544e-08
1.17739991065e-11	-1.43597578273e-08
1.21307795632e-11	-4.35814317967e-09
1.24875600199e-11	1.33145228176e-09
1.28443404766e-11	3.48522899429e-09
1.32011209332e-11	3.46526296546e-09
1.35579013899e-11	2.52274223733e-09
1.39146818466e-11	1.47457801525e-09
1.42714623033e-11	6.89973134183e-10
1.462824276e-11	2.3276486294e-10
1.49850232167e-11	2.50758632608e-11
1.53418036734e-11	-3.87785359379e-11
1.569858413e-11	-3.98239670407e-11
1.60553645867e-11	-2.38722288465e-11
1.64121450434e-11	-1.05395111041e-11
1.67689255001e-11	-9.47988822858e-12
1.71257059568e-11	-1.13442345795e-11
1.74824864135e-11	-1.20766183512e-11
1.78392668702e-11	-1.18274131808e-11
1.81960473268e-11	-1.10624530369e-11
1.85528277835e-11	-1.04364242942e-11
1.89096082402e-11	-1.03895607395e-11
1.92663886969e-11	-1.08782722413e-11
1.96231691536e-11	-1.15345424184e-11
1.99799496103e-11	-1.19148978878e-11
2.0336730067e-11	-1.1912258506e-11
2.06935105236e-11	-1.16617384152e-11
2.10502909803e-11	-1.15247819968e-11
2.1407071437e-11	-1.16242198159e-11
2.17638518937e-11	-1.19696709142e-11
2.21206323504e-11	-1.23699704993e-11
2.24774128071e-11	-1.26197923639e-11
2.28341932638e-11	-1.26133435294e-11
2.31909737204e-11	-1.24734701734e-11
2.35477541771e-11	-1.23783578873e-11
2.39045346338e-11	-1.24356514669e-11
2.42613150905e-11	-1.26259775204e-11
2.46180955472e-11	-1.27934017546e-11
2.49748760039e-11	-1.2892022519e-11
2.53316564606e-11	-1.28848529068e-11
2.56884369172e-11	-1.28031847277e-11
