% time-domain current integration by openEMS v0.0.35-108-gc651cce @Wed Mar 12 09:10:37 2025
% start-coordinates: (-7.276e-05,-4.4427e-05,0.000161037) m -> [25,68,60]
% stop-coordinates: (-7.196e-05,-4.11275e-05,0.000161037) m -> [27,75,60]
% t/s	current
2.44035880086e-16	0
3.57024492566e-13	7.99609537654e-14
7.13804949251e-13	1.08976564751e-12
1.07058540594e-12	7.53384659345e-13
1.42736586262e-12	-8.19982048841e-13
1.78414631931e-12	-4.4348348778e-12
2.14092677599e-12	-1.21233084335e-11
2.49770723268e-12	-2.51270323992e-11
2.85448768937e-12	-4.21024916319e-11
3.21126814605e-12	-5.62730730069e-11
3.56804860274e-12	-5.19022116952e-11
3.92482905942e-12	-5.6242866267e-12
4.28160951611e-12	1.07879254141e-10
4.63838997279e-12	3.00349106697e-10
4.99517042948e-12	5.50052892123e-10
5.35195088616e-12	7.85410514403e-10
5.70873134285e-12	8.8792090347e-10
6.06551179954e-12	7.24618143266e-10
6.42229225622e-12	2.09181616473e-10
6.77907271291e-12	-6.30783703048e-10
7.13585316959e-12	-1.61715985048e-09
7.49263362628e-12	-2.44886511069e-09
7.84941408296e-12	-2.80154432986e-09
8.20619453965e-12	-2.46417886096e-09
8.56297499634e-12	-1.45020728759e-09
8.91975545302e-12	-2.07496728133e-11
9.27653590971e-12	1.40324696307e-09
9.63331636639e-12	2.4037567492e-09
9.99009682308e-12	2.72765232623e-09
1.03468772798e-11	2.37050756802e-09
1.07036577364e-11	1.54995516422e-09
1.10604381931e-11	5.91191373633e-10
1.14172186498e-11	-2.11060419142e-10
1.17739991065e-11	-6.89473977911e-10
1.21307795632e-11	-8.27206636522e-10
1.24875600199e-11	-7.16907866405e-10
1.28443404766e-11	-4.9073428654e-10
1.32011209332e-11	-2.60660409923e-10
1.35579013899e-11	-8.94442575561e-11
1.39146818466e-11	8.00848623528e-12
1.42714623033e-11	4.63788035754e-11
1.462824276e-11	4.93520120604e-11
1.49850232167e-11	3.73044269086e-11
1.53418036734e-11	2.27007249803e-11
1.569858413e-11	1.1064133984e-11
1.60553645867e-11	3.97487338183e-12
1.64121450434e-11	8.82892825689e-13
1.67689255001e-11	4.0288681679e-13
1.71257059568e-11	1.20799019659e-12
1.74824864135e-11	1.62077957392e-12
1.78392668702e-11	1.2194547672e-12
1.81960473268e-11	3.41976962156e-13
1.85528277835e-11	-4.10615633292e-13
1.89096082402e-11	-5.53037216716e-13
1.92663886969e-11	-1.59492685443e-13
1.96231691536e-11	3.69398576398e-13
1.99799496103e-11	6.38496091936e-13
2.0336730067e-11	5.46349044565e-13
2.06935105236e-11	2.02421169019e-13
2.10502909803e-11	-4.81915803921e-14
2.1407071437e-11	-3.75581998228e-14
2.17638518937e-11	1.97750886846e-13
2.21206323504e-11	5.34432903748e-13
2.24774128071e-11	6.54144219261e-13
2.28341932638e-11	5.7155430562e-13
2.31909737204e-11	3.40756773926e-13
2.35477541771e-11	1.70386247429e-13
2.39045346338e-11	1.57022913552e-13
2.42613150905e-11	2.54889018962e-13
2.46180955472e-11	3.56089479734e-13
2.49748760039e-11	3.83954098983e-13
2.53316564606e-11	2.99439211491e-13
2.56884369172e-11	1.78331579104e-13
