% time-domain current integration by openEMS v0.0.35-108-gc651cce @Thu Mar  6 15:30:26 2025
% start-coordinates: (-3.45e-06,-1.8045e-05,0.00015521) m -> [97,39,40]
% stop-coordinates: (-1.19e-06,7.95e-07,0.00015521) m -> [102,88,40]
% t/s	current
2.23353918557e-16	0
3.57142915773e-13	-1.31164480319e-11
7.14062477628e-13	-2.42671230333e-11
1.07098203948e-12	-2.58571202644e-11
1.42790160134e-12	1.0981411093e-11
1.78482116319e-12	1.40264147519e-10
2.14174072505e-12	4.45887854417e-10
2.4986602869e-12	1.01671315811e-09
2.85557984876e-12	1.87712045907e-09
3.21249941061e-12	2.86349899348e-09
3.56941897247e-12	3.46846262822e-09
3.92633853432e-12	2.74209610573e-09
4.28325809617e-12	-6.21742102247e-10
4.64017765803e-12	-7.87676857072e-09
4.99709721988e-12	-1.9476772195e-08
5.35401678174e-12	-3.41878561017e-08
5.71093634359e-12	-4.85050790644e-08
6.06785590545e-12	-5.69081919366e-08
6.4247754673e-12	-5.33018997828e-08
6.78169502916e-12	-3.34126148971e-08
7.13861459101e-12	2.71350075742e-09
7.49553415287e-12	4.93672303037e-08
7.85245371472e-12	9.59953254664e-08
8.20937327658e-12	1.30280028543e-07
8.56629283843e-12	1.42432838857e-07
8.92321240029e-12	1.28875782934e-07
9.28013196214e-12	9.36239317184e-08
9.63705152399e-12	4.67233896018e-08
9.99397108585e-12	4.79954409549e-10
1.03508906477e-11	-3.47946205181e-08
1.07078102096e-11	-5.3732087224e-08
1.10647297714e-11	-5.65765958527e-08
1.14216493333e-11	-4.77482551275e-08
1.17785688951e-11	-3.33377379036e-08
1.2135488457e-11	-1.87583211186e-08
1.24924080188e-11	-7.38465910644e-09
1.28493275807e-11	-3.48256756766e-10
1.32062471425e-11	2.85673951161e-09
1.35631667044e-11	3.49245898867e-09
1.39200862663e-11	2.84863777011e-09
1.42770058281e-11	1.85367643457e-09
1.463392539e-11	9.9709296375e-10
1.49908449518e-11	4.33037300462e-10
1.53477645137e-11	1.3320276826e-10
1.57046840755e-11	8.33043443255e-12
1.60616036374e-11	-2.51222966041e-11
1.64185231992e-11	-2.20826395364e-11
1.67754427611e-11	-1.3000607535e-11
1.71323623229e-11	-1.02781828187e-11
1.74892818848e-11	-1.00521500845e-11
1.78462014467e-11	-1.09243100677e-11
1.82031210085e-11	-1.14828415873e-11
1.85600405704e-11	-1.15820799132e-11
1.89169601322e-11	-1.11935087935e-11
1.92738796941e-11	-1.07625852674e-11
1.96307992559e-11	-1.07746840963e-11
1.99877188178e-11	-1.10776587556e-11
2.03446383796e-11	-1.15893475372e-11
2.07015579415e-11	-1.1974947943e-11
2.10584775033e-11	-1.209439493e-11
2.14153970652e-11	-1.19996035677e-11
2.17723166271e-11	-1.18613209532e-11
2.21292361889e-11	-1.19471836937e-11
2.24861557508e-11	-1.22675142614e-11
2.28430753126e-11	-1.25633514009e-11
2.31999948745e-11	-1.27984107687e-11
2.35569144363e-11	-1.28774560459e-11
2.39138339982e-11	-1.28811362618e-11
2.427075356e-11	-1.2823276295e-11
2.46276731219e-11	-1.28768835872e-11
2.49845926837e-11	-1.30544871788e-11
2.53415122456e-11	-1.32687454774e-11
2.56984318075e-11	-1.34248489062e-11
2.60553513693e-11	-1.35020545092e-11
