% time-domain voltage integration by openEMS v0.0.35-108-gc651cce @Thu Mar  6 15:30:26 2025
% start-coordinates: (2.522e-05,-8.4775e-06,0.00015727) m -> [160,65,48]
% stop-coordinates: (2.522e-05,-8.4775e-06,0.00016498) m -> [160,65,76]
% t/s	voltage
0	-0
3.56919561855e-13	-1.27717219439e-09
7.13839123709e-13	-9.52946336424e-10
1.07075868556e-12	8.42325270298e-10
1.42767824742e-12	7.29548148282e-09
1.78459780927e-12	2.21302763337e-08
2.14151737113e-12	4.93069508556e-08
2.49843693298e-12	8.92724447699e-08
2.85535649484e-12	1.33226136345e-07
3.21227605669e-12	1.56365572934e-07
3.56919561855e-12	1.14227339587e-07
3.9261151804e-12	-5.17196907523e-08
4.28303474226e-12	-3.93998107917e-07
4.63995430411e-12	-9.25146212083e-07
4.99687386597e-12	-1.58034137954e-06
5.35379342782e-12	-2.19699894188e-06
5.71071298967e-12	-2.53343964118e-06
6.06763255153e-12	-2.3366778521e-06
6.42455211338e-12	-1.44491727028e-06
6.78147167524e-12	1.15675735213e-07
7.13839123709e-12	2.09018891439e-06
7.49531079895e-12	4.04362377537e-06
7.8522303608e-12	5.49243593184e-06
8.20914992266e-12	6.06905399536e-06
8.56606948451e-12	5.64888864574e-06
8.92298904637e-12	4.38471964515e-06
9.27990860822e-12	2.6375499047e-06
9.63682817008e-12	8.4085750629e-07
9.99374773193e-12	-6.39702218308e-07
1.03506672938e-11	-1.5967086533e-06
1.07075868556e-11	-1.99900173925e-06
1.10645064175e-11	-1.94966213485e-06
1.14214259793e-11	-1.61649419539e-06
1.17783455412e-11	-1.16744429945e-06
1.21352651031e-11	-7.30025545792e-07
1.24921846649e-11	-3.77634210125e-07
1.28491042268e-11	-1.35460146655e-07
1.32060237886e-11	4.32890390201e-09
1.35629433505e-11	6.63181305427e-08
1.39198629123e-11	7.89819230018e-08
1.42767824742e-11	6.6737092963e-08
1.4633702036e-11	4.65294054397e-08
1.49906215979e-11	2.77711179608e-08
1.53475411598e-11	1.41186635716e-08
1.57044607216e-11	5.78668099549e-09
1.60613802835e-11	1.50840349933e-09
1.64182998453e-11	-3.32639684894e-10
1.67752194072e-11	-1.15891606728e-09
1.7132138969e-11	-1.11985097237e-09
1.74890585309e-11	-9.76323459578e-10
1.78459780927e-11	-9.17496828512e-10
1.82028976546e-11	-9.46074264069e-10
1.85598172164e-11	-9.9707640408e-10
1.89167367783e-11	-1.02265237598e-09
1.92736563402e-11	-1.00337702383e-09
1.9630575902e-11	-9.57805459945e-10
1.99874954639e-11	-9.17845969367e-10
2.03444150257e-11	-9.05582558594e-10
2.07013345876e-11	-9.16044989863e-10
2.10582541494e-11	-9.33832799282e-10
2.14151737113e-11	-9.37459061767e-10
2.17720932731e-11	-9.21969601358e-10
2.2129012835e-11	-8.94692169309e-10
2.24859323968e-11	-8.71336499481e-10
2.28428519587e-11	-8.65110007936e-10
2.31997715206e-11	-8.73726965778e-10
2.35566910824e-11	-8.84825638106e-10
2.39136106443e-11	-8.86746212916e-10
2.42705302061e-11	-8.77745928024e-10
2.4627449768e-11	-8.65377566481e-10
2.49843693298e-11	-8.56077663619e-10
2.53412888917e-11	-8.53755210625e-10
2.56982084535e-11	-8.59253113106e-10
2.60551280154e-11	-8.66067316821e-10
