% time-domain voltage integration by openEMS v0.0.35-108-gc651cce @Wed Mar 12 09:10:37 2025
% start-coordinates: (-7.246e-05,-4.26269e-05,0.00015727) m -> [26,72,46]
% stop-coordinates: (-7.246e-05,-4.26269e-05,0.00016498) m -> [26,72,74]
% t/s	voltage
0	-0
3.56780456686e-13	-3.74079399049e-12
7.13560913371e-13	-4.88151080972e-11
1.07034137006e-12	-3.83217892098e-11
1.42712182674e-12	3.53943382849e-11
1.78390228343e-12	2.13624656159e-10
2.14068274011e-12	5.94450721286e-10
2.4974631968e-12	1.23912366826e-09
2.85424365349e-12	2.08833673271e-09
3.21102411017e-12	2.8021683654e-09
3.56780456686e-12	2.6090081276e-09
3.92458502354e-12	3.45487236909e-10
4.28136548023e-12	-5.25223084469e-09
4.63814593691e-12	-1.47993129973e-08
4.9949263936e-12	-2.72455403239e-08
5.35170685028e-12	-3.90636065717e-08
5.70848730697e-12	-4.43630741032e-08
6.06526776366e-12	-3.65019832138e-08
6.42204822034e-12	-1.10863498104e-08
6.77882867703e-12	3.06316972898e-08
7.13560913371e-12	7.98959824966e-08
7.4923895904e-12	1.21746882353e-07
7.84917004708e-12	1.39942243127e-07
8.20595050377e-12	1.2377141001e-07
8.56273096046e-12	7.36703549276e-08
8.91951141714e-12	2.46920950353e-09
9.27629187383e-12	-6.88873069699e-08
9.63307233051e-12	-1.19434966361e-07
9.9898527872e-12	-1.36311688159e-07
1.03466332439e-11	-1.19051980718e-07
1.07034137006e-11	-7.83579552355e-08
1.10601941573e-11	-3.04376880367e-08
1.14169746139e-11	9.90147552837e-09
1.17737550706e-11	3.41497498058e-08
1.21305355273e-11	4.13328636872e-08
1.2487315984e-11	3.6003270365e-08
1.28440964407e-11	2.47565353773e-08
1.32008768974e-11	1.3227342166e-08
1.35576573541e-11	4.60273037739e-09
1.39144378107e-11	-3.36451098752e-10
1.42712182674e-11	-2.29803789886e-09
1.46279987241e-11	-2.47174924278e-09
1.49847791808e-11	-1.87834083704e-09
1.53415596375e-11	-1.14824627237e-09
1.56983400942e-11	-5.62159676448e-10
1.60551205509e-11	-2.03286485735e-10
1.64119010075e-11	-4.5375751225e-11
1.67686814642e-11	-1.95837769558e-11
1.71254619209e-11	-5.97445899177e-11
1.74822423776e-11	-8.07202061269e-11
1.78390228343e-11	-6.1788795868e-11
1.8195803291e-11	-1.74624702177e-11
1.85525837477e-11	1.99949165298e-11
1.89093642043e-11	2.8046215632e-11
1.9266144661e-11	8.68593402498e-12
1.96229251177e-11	-1.7584899628e-11
1.99797055744e-11	-3.21341833351e-11
2.03364860311e-11	-2.74256869927e-11
2.06932664878e-11	-9.91262462196e-12
2.10500469445e-11	2.63656753392e-12
2.14068274011e-11	1.79587284951e-12
2.17636078578e-11	-1.04187378939e-11
2.21203883145e-11	-2.63399191781e-11
2.24771687712e-11	-3.31846685547e-11
2.28339492279e-11	-2.91665956794e-11
2.31907296846e-11	-1.74615328165e-11
2.35475101413e-11	-8.88706399053e-12
2.39042905979e-11	-7.90183061128e-12
2.42610710546e-11	-1.24836749282e-11
2.46178515113e-11	-1.83816439175e-11
2.4974631968e-11	-1.94590920525e-11
2.53314124247e-11	-1.54175308045e-11
2.56881928814e-11	-8.4916890956e-12
