% time-domain voltage integration by openEMS v0.0.35-108-gc651cce @Thu Mar  6 15:30:26 2025
% start-coordinates: (-7.0025e-06,-8.4775e-06,0.00015521) m -> [87,65,40]
% stop-coordinates: (-7.0025e-06,-8.4775e-06,0.00015575) m -> [87,65,42]
% t/s	voltage
0	-0
3.56919561855e-13	-1.5849283691e-11
7.13839123709e-13	6.67136693111e-11
1.07075868556e-12	3.63992811586e-11
1.42767824742e-12	-2.24437551877e-11
1.78459780927e-12	-2.06034696248e-10
2.14151737113e-12	-6.20202222912e-10
2.49843693298e-12	-1.37003980383e-09
2.85535649484e-12	-2.40932584994e-09
3.21227605669e-12	-3.39828565288e-09
3.56919561855e-12	-3.48049999932e-09
3.9261151804e-12	-1.23688431719e-09
4.28303474226e-12	4.95977237058e-09
4.63995430411e-12	1.61143347555e-08
4.99687386597e-12	3.13381924855e-08
5.35379342782e-12	4.66912251085e-08
5.71071298967e-12	5.50824417189e-08
6.06763255153e-12	4.79977284584e-08
6.42455211338e-12	1.9149163144e-08
6.78147167524e-12	-3.11383310247e-08
7.13839123709e-12	-9.30767960483e-08
7.49531079895e-12	-1.48424327051e-07
7.8522303608e-12	-1.76152845199e-07
8.20914992266e-12	-1.61085445427e-07
8.56606948451e-12	-1.0156963981e-07
8.92298904637e-12	-1.20522933855e-08
9.27990860822e-12	8.14509704128e-08
9.63682817008e-12	1.51284666572e-07
9.99374773193e-12	1.78897785474e-07
1.03506672938e-11	1.61318055802e-07
1.07075868556e-11	1.1059495364e-07
1.10645064175e-11	4.72229206849e-08
1.14214259793e-11	-8.75073613571e-09
1.17783455412e-11	-4.46389076814e-08
1.21352651031e-11	-5.75208360942e-08
1.24921846649e-11	-5.23036849387e-08
1.28491042268e-11	-3.7456192814e-08
1.32060237886e-11	-2.09203001589e-08
1.35629433505e-11	-7.73377939467e-09
1.39198629123e-11	3.152810929e-10
1.42767824742e-11	3.77537667795e-09
1.4633702036e-11	4.21376800119e-09
1.49906215979e-11	3.22282045495e-09
1.53475411598e-11	1.92269489219e-09
1.57044607216e-11	8.8814491872e-10
1.60613802835e-11	2.7880249498e-10
1.64182998453e-11	2.30916154254e-11
1.67752194072e-11	-3.04086113928e-11
1.7132138969e-11	9.29948002285e-12
1.74890585309e-11	1.998061612e-11
1.78459780927e-11	3.89559370005e-12
1.82028976546e-11	-2.21199907349e-11
1.85598172164e-11	-2.699235193e-11
1.89167367783e-11	-6.5648430702e-12
1.92736563402e-11	2.19670080737e-11
1.9630575902e-11	3.80842562347e-11
1.99874954639e-11	3.59408752759e-11
2.03444150257e-11	2.00888732732e-11
2.07013345876e-11	6.1445835399e-12
2.10582541494e-11	3.98022912372e-12
2.14151737113e-11	1.2520452123e-11
2.17720932731e-11	2.46235644721e-11
2.2129012835e-11	3.10317813113e-11
2.24859323968e-11	2.77521556083e-11
2.28428519587e-11	1.77968586049e-11
2.31997715206e-11	9.62065279872e-12
2.35566910824e-11	9.38637969433e-12
2.39136106443e-11	1.31866431836e-11
2.42705302061e-11	1.93378629082e-11
2.4627449768e-11	2.15687008184e-11
2.49843693298e-11	1.90230279445e-11
2.53412888917e-11	1.37043557925e-11
2.56982084535e-11	9.44539672171e-12
2.60551280154e-11	7.91826326729e-12
