% time-domain voltage integration by openEMS v0.0.35-108-gc651cce @Thu Mar  6 15:30:26 2025
% start-coordinates: (-2.17e-06,-8.4775e-06,0.00015521) m -> [100,65,40]
% stop-coordinates: (-2.17e-06,-8.4775e-06,0.00015575) m -> [100,65,42]
% t/s	voltage
0	-0
3.56919561855e-13	2.49248358064e-10
7.13839123709e-13	1.00738462017e-09
1.07075868556e-12	1.31706434647e-09
1.42767824742e-12	3.63938809644e-10
1.78459780927e-12	-4.02293798274e-09
2.14151737113e-12	-1.5465267289e-08
2.49843693298e-12	-3.84222680339e-08
2.85535649484e-12	-7.57101545901e-08
3.21227605669e-12	-1.23365033744e-07
3.56919561855e-12	-1.63365115213e-07
3.9261151804e-12	-1.57239050225e-07
4.28303474226e-12	-4.62572060655e-08
4.63995430411e-12	2.34900682017e-07
4.99687386597e-12	7.27414800394e-07
5.35379342782e-12	1.4059158957e-06
5.71071298967e-12	2.14169585888e-06
6.06763255153e-12	2.69738495717e-06
6.42455211338e-12	2.77477886357e-06
6.78147167524e-12	2.11676956496e-06
7.13839123709e-12	6.33118162341e-07
7.49531079895e-12	-1.50606928173e-06
7.8522303608e-12	-3.86615033676e-06
8.20914992266e-12	-5.85760631111e-06
8.56606948451e-12	-6.9299903771e-06
8.92298904637e-12	-6.77277535033e-06
9.27990860822e-12	-5.4336969697e-06
9.63682817008e-12	-3.29971771862e-06
9.99374773193e-12	-9.49827636987e-07
1.03506672938e-11	1.05212853896e-06
1.07075868556e-11	2.33428886531e-06
1.10645064175e-11	2.79683035842e-06
1.14214259793e-11	2.58096292782e-06
1.17783455412e-11	1.96255132323e-06
1.21352651031e-11	1.2294234466e-06
1.24921846649e-11	5.92616942185e-07
1.28491042268e-11	1.53235880873e-07
1.32060237886e-11	-8.25543899907e-08
1.35629433505e-11	-1.64060807606e-07
1.39198629123e-11	-1.5607454884e-07
1.42767824742e-11	-1.12545183839e-07
1.4633702036e-11	-6.66512001146e-08
1.49906215979e-11	-3.26003846141e-08
1.53475411598e-11	-1.24345316266e-08
1.57044607216e-11	-2.79932166336e-09
1.60613802835e-11	6.29920449136e-10
1.64182998453e-11	1.16936155203e-09
1.67752194072e-11	7.92362425672e-10
1.7132138969e-11	5.73959990646e-10
1.74890585309e-11	5.05136987794e-10
1.78459780927e-11	5.32564492506e-10
1.82028976546e-11	5.68029678849e-10
1.85598172164e-11	5.82292464246e-10
1.89167367783e-11	5.69191915822e-10
1.92736563402e-11	5.48964346203e-10
1.9630575902e-11	5.39744360317e-10
1.99874954639e-11	5.51359485845e-10
2.03444150257e-11	5.74424091626e-10
2.07013345876e-11	5.9642246697e-10
2.10582541494e-11	6.07197514491e-10
2.14151737113e-11	6.05043404267e-10
2.17720932731e-11	5.99991306638e-10
2.2129012835e-11	5.99423594094e-10
2.24859323968e-11	6.09342909463e-10
2.28428519587e-11	6.2541485879e-10
2.31997715206e-11	6.38881753057e-10
2.35566910824e-11	6.44099162894e-10
2.39136106443e-11	6.45153902523e-10
2.42705302061e-11	6.44699793551e-10
2.4627449768e-11	6.46248859981e-10
2.49843693298e-11	6.5336663857e-10
2.53412888917e-11	6.62518734318e-10
2.56982084535e-11	6.71648209272e-10
2.60551280154e-11	6.76490585771e-10
