% time-domain current integration by openEMS v0.0.35-108-gc651cce @Wed Mar 12 09:10:37 2025
% start-coordinates: (-4.6935e-05,-5.22e-05,0.00015527) m -> [81,46,39]
% stop-coordinates: (-4.6935e-05,-3.33525e-05,0.00015624) m -> [81,96,42]
% t/s	current
2.44035880086e-16	-0
3.57024492566e-13	-2.31899162416e-13
7.13804949251e-13	5.60546726223e-13
1.07058540594e-12	1.57017641619e-13
1.42736586262e-12	-5.92051635582e-13
1.78414631931e-12	-2.20412512027e-12
2.14092677599e-12	-5.64522213697e-12
2.49770723268e-12	-1.10020308836e-11
2.85448768937e-12	-1.72783350127e-11
3.21126814605e-12	-2.04225490685e-11
3.56804860274e-12	-1.33869911684e-11
3.92482905942e-12	1.35364870354e-11
4.28160951611e-12	6.81032244487e-11
4.63838997279e-12	1.48851472814e-10
4.99517042948e-12	2.37592945318e-10
5.35195088616e-12	2.95564073216e-10
5.70873134285e-12	2.71608902036e-10
6.06551179954e-12	1.2288742246e-10
6.42229225622e-12	-1.56802265616e-10
6.77907271291e-12	-5.15028242276e-10
7.13585316959e-12	-8.42047598315e-10
7.49263362628e-12	-1.00443187101e-09
7.84941408296e-12	-9.0131901942e-10
8.20619453965e-12	-5.18907250502e-10
8.56297499634e-12	4.81905904071e-11
8.91975545302e-12	6.25693719059e-10
9.27653590971e-12	1.02913888522e-09
9.63331636639e-12	1.14023468445e-09
9.99009682308e-12	9.52823042688e-10
1.03468772798e-11	5.65302415989e-10
1.07036577364e-11	1.29204147381e-10
1.10604381931e-11	-2.18353349291e-10
1.14172186498e-11	-4.03040073538e-10
1.17739991065e-11	-4.24673407551e-10
1.21307795632e-11	-3.35418554043e-10
1.24875600199e-11	-2.03836142409e-10
1.28443404766e-11	-8.43966979636e-11
1.32011209332e-11	-4.1453359842e-12
1.35579013899e-11	3.43691360094e-11
1.39146818466e-11	4.248335711e-11
1.42714623033e-11	3.45000278346e-11
1.462824276e-11	2.15939089526e-11
1.49850232167e-11	1.00841227729e-11
1.53418036734e-11	2.48425477238e-12
1.569858413e-11	-1.10841576802e-12
1.60553645867e-11	-1.80688894836e-12
1.64121450434e-11	-1.10740821894e-12
1.67689255001e-11	-3.29961860786e-13
1.71257059568e-11	1.53267914853e-13
1.74824864135e-11	-2.99257634732e-13
1.78392668702e-11	-8.79863293769e-13
1.81960473268e-11	-1.02786507604e-12
1.85528277835e-11	-7.34555049165e-13
1.89096082402e-11	-2.11480410007e-13
1.92663886969e-11	1.59156487902e-13
1.96231691536e-11	1.81399220731e-13
1.99799496103e-11	-6.274689969e-14
2.0336730067e-11	-3.20219491114e-13
2.06935105236e-11	-3.93859857922e-13
2.10502909803e-11	-2.78264553327e-13
2.1407071437e-11	-5.09350591218e-14
2.17638518937e-11	1.00054946967e-13
2.21206323504e-11	6.59796110976e-14
2.24774128071e-11	-6.98207767644e-14
2.28341932638e-11	-2.3160434074e-13
2.31909737204e-11	-2.67339319085e-13
2.35477541771e-11	-1.82654076326e-13
2.39045346338e-11	-8.39149171157e-14
2.42613150905e-11	-1.93385346799e-14
2.46180955472e-11	-4.26770706448e-14
2.49748760039e-11	-1.17629322081e-13
2.53316564606e-11	-1.9035651961e-13
2.56884369172e-11	-2.19289864045e-13
