% time-domain voltage integration by openEMS v0.0.35-108-gc651cce @Tue Mar 25 09:35:12 2025
% start-coordinates: (0.000106717,-7.7e-07,0.00015727) m -> [110,102,53]
% stop-coordinates: (0.000106717,-7.7e-07,0.00016498) m -> [110,102,63]
% t/s	voltage
0	-0
3.57056277683e-13	-7.2631483293e-10
7.14112555367e-13	-1.4740922441e-09
1.07116883305e-12	-1.37129337052e-09
1.42822511073e-12	1.30390045983e-10
1.78528138842e-12	6.7365867884e-09
2.1423376661e-12	2.53608351541e-08
2.49939394378e-12	6.25560947487e-08
2.85645022147e-12	1.24672338675e-07
3.21350649915e-12	2.09464290801e-07
3.57056277683e-12	2.94707506399e-07
3.92761905452e-12	3.26831705699e-07
4.2846753322e-12	2.14883116634e-07
4.64173160988e-12	-1.59362692376e-07
4.99878788757e-12	-9.0868141811e-07
5.35584416525e-12	-2.08088974318e-06
5.71290044293e-12	-3.58916425114e-06
6.06995672062e-12	-5.15838989656e-06
6.4270129983e-12	-6.32509073739e-06
6.78406927599e-12	-6.51716615607e-06
7.14112555367e-12	-5.21730767389e-06
7.49818183135e-12	-2.16837946709e-06
7.85523810904e-12	2.44858065201e-06
8.21229438672e-12	7.94849322006e-06
8.5693506644e-12	1.3242516502e-05
8.92640694209e-12	1.71037105474e-05
9.28346321977e-12	1.85231784826e-05
9.64051949745e-12	1.70385028468e-05
9.99757577514e-12	1.29070233754e-05
1.03546320528e-11	7.05385522792e-06
1.07116883305e-11	8.03117915282e-07
1.10687446082e-11	-4.51260279988e-06
1.14258008859e-11	-7.92622600443e-06
1.17828571636e-11	-9.06724915239e-06
1.21399134412e-11	-8.18357381149e-06
1.24969697189e-11	-5.97231105814e-06
1.28540259966e-11	-3.30066284704e-06
1.32110822743e-11	-9.28779844145e-07
1.3568138552e-11	6.76808880939e-07
1.39251948297e-11	1.39559381651e-06
1.42822511073e-11	1.38717432918e-06
1.4639307385e-11	9.56736467828e-07
1.49963636627e-11	4.16410088633e-07
1.53534199404e-11	-1.23811977337e-08
1.57104762181e-11	-2.34249564635e-07
1.60675324958e-11	-2.62693023778e-07
1.64245887734e-11	-1.7238317529e-07
1.67816450511e-11	-4.94575566057e-08
1.71387013288e-11	4.428481859e-08
1.74957576065e-11	8.38700124906e-08
1.78528138842e-11	7.54422242455e-08
1.82098701619e-11	4.14967127327e-08
1.85669264395e-11	5.88653528699e-09
1.89239827172e-11	-1.67150041031e-08
1.92810389949e-11	-2.29921428563e-08
1.96380952726e-11	-1.75197757413e-08
1.99951515503e-11	-7.63390009539e-09
2.0352207828e-11	6.32796993624e-10
2.07092641056e-11	4.82751690012e-09
2.10663203833e-11	5.52391388187e-09
2.1423376661e-11	4.39290358256e-09
2.17804329387e-11	2.82015141795e-09
2.21374892164e-11	1.42029943709e-09
2.24945454941e-11	2.04607658941e-11
2.28516017717e-11	-1.31898475128e-09
2.32086580494e-11	-2.41219614422e-09
2.35657143271e-11	-2.6920869492e-09
2.39227706048e-11	-2.00581396631e-09
2.42798268825e-11	-5.13725737297e-10
2.46368831602e-11	9.41751215205e-10
2.49939394378e-11	1.6932287239e-09
2.53509957155e-11	1.30486023722e-09
2.57080519932e-11	-4.96246459723e-11
2.60651082709e-11	-1.59102653274e-09
2.64221645486e-11	-2.61717805761e-09
2.67792208263e-11	-2.59120171847e-09
2.71362771039e-11	-1.6643595703e-09
2.74933333816e-11	-3.13675425044e-10
2.78503896593e-11	7.33647522941e-10
2.8207445937e-11	8.702443835e-10
2.85645022147e-11	-1.21524021857e-11
2.89215584924e-11	-1.45160436449e-09
2.927861477e-11	-2.70691079968e-09
2.96356710477e-11	-3.02416135189e-09
2.99927273254e-11	-2.25595808007e-09
3.03497836031e-11	-7.56924181319e-10
3.07068398808e-11	5.48010819015e-10
3.10638961585e-11	8.39802444599e-10
3.14209524361e-11	-1.24872553541e-10
3.17780087138e-11	-1.86855569906e-09
3.21350649915e-11	-3.26924218252e-09
3.24921212692e-11	-3.51052208136e-09
3.28491775469e-11	-2.3856166001e-09
3.32062338246e-11	-6.02712296738e-10
3.35632901022e-11	7.05853587385e-10
3.39203463799e-11	6.7897623808e-10
3.42774026576e-11	-6.59196688554e-10
3.46344589353e-11	-2.4880251609e-09
3.4991515213e-11	-3.68198516121e-09
3.53485714907e-11	-3.45976444716e-09
3.57056277683e-11	-2.05733091674e-09
3.6062684046e-11	-3.87933071083e-10
3.64197403237e-11	5.25569854998e-10
3.67767966014e-11	1.12198652916e-10
3.71338528791e-11	-1.29197632801e-09
3.74909091568e-11	-2.83000407136e-09
3.78479654344e-11	-3.53381081342e-09
3.82050217121e-11	-3.13513039141e-09
3.85620779898e-11	-1.8689898032e-09
3.89191342675e-11	-5.93697632723e-10
3.92761905452e-11	2.45319014668e-11
3.96332468229e-11	-3.57082735776e-10
3.99903031005e-11	-1.469855751e-09
4.03473593782e-11	-2.68135891268e-09
4.07044156559e-11	-3.31029953449e-09
4.10614719336e-11	-3.07556248524e-09
4.14185282113e-11	-2.13196312687e-09
4.1775584489e-11	-9.81860245886e-10
4.21326407666e-11	-2.42666899162e-10
4.24896970443e-11	-3.8043653644e-10
4.2846753322e-11	-1.33342743444e-09
4.32038095997e-11	-2.58799207065e-09
4.35608658774e-11	-3.46008222074e-09
4.39179221551e-11	-3.39412502964e-09
4.42749784327e-11	-2.37897985339e-09
4.46320347104e-11	-1.0009562762e-09
4.49890909881e-11	-6.98298582044e-11
4.53461472658e-11	-2.33386755668e-10
4.57032035435e-11	-1.42085344879e-09
4.60602598212e-11	-2.92249244249e-09
4.64173160988e-11	-3.82178622083e-09
4.67743723765e-11	-3.52416340554e-09
4.71314286542e-11	-2.20745048629e-09
4.74884849319e-11	-6.81557286303e-10
4.78455412096e-11	8.51820745432e-11
4.82025974873e-11	-4.45612506096e-10
4.85596537649e-11	-1.88119138322e-09
4.89167100426e-11	-3.3287875581e-09
