% time-domain voltage integration by openEMS v0.0.35-108-gc651cce @Tue Mar 25 09:35:12 2025
% start-coordinates: (9.0955e-05,-1.80075e-05,0.00015727) m -> [80,68,53]
% stop-coordinates: (9.0955e-05,-1.80075e-05,0.00016498) m -> [80,68,63]
% t/s	voltage
0	-0
3.57056277683e-13	-2.89305186058e-09
7.14112555367e-13	-4.17657705643e-09
1.07116883305e-12	-9.80167703946e-10
1.42822511073e-12	1.4211022914e-08
1.78528138842e-12	5.42106586288e-08
2.1423376661e-12	1.33884156206e-07
2.49939394378e-12	2.62187562328e-07
2.85645022147e-12	4.24564110091e-07
3.21350649915e-12	5.58305682574e-07
3.57056277683e-12	5.29233391333e-07
3.92761905452e-12	1.32835590083e-07
4.2846753322e-12	-8.58157900296e-07
4.64173160988e-12	-2.58660004704e-06
4.99878788757e-12	-4.9595643361e-06
5.35584416525e-12	-7.51464821747e-06
5.71290044293e-12	-9.39462464089e-06
6.06995672062e-12	-9.51448538444e-06
6.4270129983e-12	-6.93226053272e-06
6.78406927599e-12	-1.32255733831e-06
7.14112555367e-12	6.65304388292e-06
7.49818183135e-12	1.53040769533e-05
7.85523810904e-12	2.2316963566e-05
8.21229438672e-12	2.55211214153e-05
8.5693506644e-12	2.37264431462e-05
8.92640694209e-12	1.72539398591e-05
9.28346321977e-12	7.89245112287e-06
9.64051949745e-12	-1.7333561928e-06
9.99757577514e-12	-9.11541548021e-06
1.03546320528e-11	-1.2721591645e-05
1.07116883305e-11	-1.24057645507e-05
1.10687446082e-11	-9.24234805666e-06
1.14258008859e-11	-4.92835506805e-06
1.17828571636e-11	-1.06656623444e-06
1.21399134412e-11	1.35922475408e-06
1.24969697189e-11	2.15056829944e-06
1.28540259966e-11	1.72312525137e-06
1.32110822743e-11	7.57406404261e-07
1.3568138552e-11	-1.38892861656e-07
1.39251948297e-11	-6.28142336367e-07
1.42822511073e-11	-6.67561810275e-07
1.4639307385e-11	-4.11790844979e-07
1.49963636627e-11	-7.54142108761e-08
1.53534199404e-11	1.75740678898e-07
1.57104762181e-11	2.7222652399e-07
1.60675324958e-11	2.32119935717e-07
1.64245887734e-11	1.20031685924e-07
1.67816450511e-11	4.55980719849e-09
1.71387013288e-11	-6.977347633e-08
1.74957576065e-11	-9.07921964277e-08
1.78528138842e-11	-7.10686198779e-08
1.82098701619e-11	-3.38972224734e-08
1.85669264395e-11	-1.32438738795e-10
1.89239827172e-11	1.83292183653e-08
1.92810389949e-11	1.99717639093e-08
1.96380952726e-11	1.07288339879e-08
1.99951515503e-11	-1.48840295991e-09
2.0352207828e-11	-1.04846533122e-08
2.07092641056e-11	-1.34917031436e-08
2.10663203833e-11	-1.14287319608e-08
2.1423376661e-11	-7.20312803848e-09
2.17804329387e-11	-3.77787257033e-09
2.21374892164e-11	-2.50114536027e-09
2.24945454941e-11	-3.27788107768e-09
2.28516017717e-11	-4.71353360509e-09
2.32086580494e-11	-5.55407858593e-09
2.35657143271e-11	-5.05969642572e-09
2.39227706048e-11	-3.93146674937e-09
2.42798268825e-11	-2.9642572702e-09
2.46368831602e-11	-3.05607085471e-09
2.49939394378e-11	-4.04182523561e-09
2.53509957155e-11	-5.34377918304e-09
2.57080519932e-11	-5.98901972459e-09
2.60651082709e-11	-5.4673639921e-09
2.64221645486e-11	-4.11344738827e-09
2.67792208263e-11	-2.67417288313e-09
2.71362771039e-11	-2.06921545176e-09
2.74933333816e-11	-2.55702146956e-09
2.78503896593e-11	-3.80808433398e-09
2.8207445937e-11	-5.06452918492e-09
2.85645022147e-11	-5.54252004015e-09
2.89215584924e-11	-5.04361920284e-09
2.927861477e-11	-3.76283362802e-09
2.96356710477e-11	-2.56892131179e-09
2.99927273254e-11	-2.00092663272e-09
3.03497836031e-11	-2.39917347794e-09
3.07068398808e-11	-3.40127033482e-09
3.10638961585e-11	-4.52197300438e-09
3.14209524361e-11	-5.13001743863e-09
3.17780087138e-11	-4.79475742443e-09
3.21350649915e-11	-3.74100080081e-09
3.24921212692e-11	-2.49364911359e-09
3.28491775469e-11	-1.76219113607e-09
3.32062338246e-11	-1.97836475674e-09
3.35632901022e-11	-3.08224720746e-09
3.39203463799e-11	-4.37101507766e-09
3.42774026576e-11	-5.11916282975e-09
3.46344589353e-11	-4.74710652731e-09
3.4991515213e-11	-3.52949428017e-09
3.53485714907e-11	-2.1355269289e-09
3.57056277683e-11	-1.40539050189e-09
3.6062684046e-11	-1.81690262141e-09
3.64197403237e-11	-3.08329235754e-09
3.67767966014e-11	-4.49390559487e-09
3.71338528791e-11	-5.08494694962e-09
3.74909091568e-11	-4.53783879917e-09
3.78479654344e-11	-3.10966505324e-09
3.82050217121e-11	-1.73866093744e-09
3.85620779898e-11	-1.26025675659e-09
3.89191342675e-11	-1.9436345311e-09
3.92761905452e-11	-3.34454437756e-09
3.96332468229e-11	-4.56651072511e-09
3.99903031005e-11	-4.86247817011e-09
4.03473593782e-11	-4.05488075061e-09
4.07044156559e-11	-2.71131728874e-09
4.10614719336e-11	-1.64454654061e-09
4.14185282113e-11	-1.44943079067e-09
4.1775584489e-11	-2.17813886372e-09
4.21326407666e-11	-3.38478353679e-09
4.24896970443e-11	-4.2890593438e-09
4.2846753322e-11	-4.44470370231e-09
4.32038095997e-11	-3.78228875997e-09
4.35608658774e-11	-2.65144083078e-09
4.39179221551e-11	-1.79763619268e-09
4.42749784327e-11	-1.56335937598e-09
4.46320347104e-11	-2.12301111413e-09
4.49890909881e-11	-3.15532069917e-09
4.53461472658e-11	-4.07170631933e-09
4.57032035435e-11	-4.33982336179e-09
4.60602598212e-11	-3.82198983573e-09
4.64173160988e-11	-2.74532525879e-09
4.67743723765e-11	-1.76063862101e-09
4.71314286542e-11	-1.43031398878e-09
4.74884849319e-11	-1.9798807871e-09
4.78455412096e-11	-3.08171982377e-09
4.82025974873e-11	-4.09837062898e-09
4.85596537649e-11	-4.43169551056e-09
4.89167100426e-11	-3.80405562606e-09
