% time-domain current integration by openEMS v0.0.35-108-gc651cce @Tue Mar 25 09:35:12 2025
% start-coordinates: (0.000106255,-5.97e-06,0.00016018) m -> [108,90,58]
% stop-coordinates: (0.000106955,4.23e-06,0.00016018) m -> [111,113,58]
% t/s	current
1.6439055142e-16	0
3.57220668235e-13	1.39868021679e-11
7.14276945918e-13	2.96943893086e-11
1.0713332236e-12	2.72881509056e-11
1.42838950129e-12	-4.39845989492e-12
1.78544577897e-12	-1.4017136063e-10
2.14250205665e-12	-5.18649734271e-10
2.49955833434e-12	-1.2721084186e-09
2.85661461202e-12	-2.52394660727e-09
3.2136708897e-12	-4.22411527978e-09
3.57072716739e-12	-5.91638738001e-09
3.92778344507e-12	-6.51557519049e-09
4.28483972275e-12	-4.18939949398e-09
4.64189600044e-12	3.42711459211e-09
4.99895227812e-12	1.85726385382e-08
5.3560085558e-12	4.21580885757e-08
5.71306483349e-12	7.23812334513e-08
6.07012111117e-12	1.03667495921e-07
6.42717738885e-12	1.26698722624e-07
6.78423366654e-12	1.30038159796e-07
7.14128994422e-12	1.03415814579e-07
7.4983462219e-12	4.18313703676e-08
7.85540249959e-12	-5.09190840603e-08
8.21245877727e-12	-1.60978913755e-07
8.56951505495e-12	-2.66494225798e-07
8.92657133264e-12	-3.42962721334e-07
9.28362761032e-12	-3.7035817968e-07
9.640683888e-12	-3.39661255566e-07
9.99774016569e-12	-2.56258971376e-07
1.03547964434e-11	-1.38831836693e-07
1.07118527211e-11	-1.39268756527e-08
1.10689089987e-11	9.18686708928e-08
1.14259652764e-11	1.59381471576e-07
1.17830215541e-11	1.81414264944e-07
1.21400778318e-11	1.63116382623e-07
1.24971341095e-11	1.18545564476e-07
1.28541903872e-11	6.50652580703e-08
1.32112466648e-11	1.78127468331e-08
1.35683029425e-11	-1.39957254675e-08
1.39253592202e-11	-2.80655854112e-08
1.42824154979e-11	-2.76719589465e-08
1.46394717756e-11	-1.89526190297e-08
1.49965280533e-11	-8.13899969643e-09
1.53535843309e-11	3.79658054994e-10
1.57106406086e-11	4.73989736349e-09
1.60676968863e-11	5.24625187737e-09
1.6424753164e-11	3.40766503903e-09
1.67818094417e-11	9.46304590244e-10
1.71388657194e-11	-9.13402908864e-10
1.7495921997e-11	-1.68511138376e-09
1.78529782747e-11	-1.50149703781e-09
1.82100345524e-11	-8.16299139395e-10
1.85670908301e-11	-1.05796184313e-10
1.89241471078e-11	3.40663219855e-10
1.92812033855e-11	4.60586652151e-10
1.96382596631e-11	3.47900569464e-10
1.99953159408e-11	1.49289233753e-10
2.03523722185e-11	-1.48427572316e-11
2.07094284962e-11	-9.72606162275e-11
2.10664847739e-11	-1.10214642968e-10
2.14235410516e-11	-8.72201547097e-11
2.17805973292e-11	-5.57899386411e-11
2.21376536069e-11	-2.77938054516e-11
2.24947098846e-11	1.3111321924e-13
2.28517661623e-11	2.710164905e-11
2.320882244e-11	4.88567901413e-11
2.35658787177e-11	5.40912141467e-11
2.39229349953e-11	3.98652222344e-11
2.4279991273e-11	9.805505366e-12
2.46370475507e-11	-1.92953864692e-11
2.49941038284e-11	-3.39591618714e-11
2.53511601061e-11	-2.57218916305e-11
2.57082163838e-11	1.62879085219e-12
2.60652726614e-11	3.25829259407e-11
2.64223289391e-11	5.27716065291e-11
2.67793852168e-11	5.18087725498e-11
2.71364414945e-11	3.30582887453e-11
2.74934977722e-11	5.77910896221e-12
2.78505540499e-11	-1.49086888668e-11
2.82076103275e-11	-1.72133904353e-11
2.85646666052e-11	7.7712229013e-13
2.89217228829e-11	2.97247261527e-11
2.92787791606e-11	5.47766484948e-11
2.96358354383e-11	6.05640884666e-11
2.9992891716e-11	4.47844435147e-11
3.03499479936e-11	1.45240694471e-11
3.07070042713e-11	-1.13866728546e-11
3.1064060549e-11	-1.6768099062e-11
3.14211168267e-11	3.15831237031e-12
3.17781731044e-11	3.80663590926e-11
3.21352293821e-11	6.59763910171e-11
3.24922856597e-11	7.02535668529e-11
3.28493419374e-11	4.71472444419e-11
3.32063982151e-11	1.13774658098e-11
3.35634544928e-11	-1.44285043982e-11
3.39205107705e-11	-1.32731742264e-11
3.42775670482e-11	1.40692960754e-11
3.46346233258e-11	5.05302327758e-11
3.49916796035e-11	7.39676306316e-11
3.53487358812e-11	6.8961149291e-11
3.57057921589e-11	4.05421113348e-11
3.60628484366e-11	7.15253680936e-12
3.64199047143e-11	-1.06614101228e-11
3.67769609919e-11	-1.86564327355e-12
3.71340172696e-11	2.65771397945e-11
3.74910735473e-11	5.71834975205e-11
3.7848129825e-11	7.0913594441e-11
3.82051861027e-11	6.24975141084e-11
3.85622423804e-11	3.68578639831e-11
3.8919298658e-11	1.14676419402e-11
3.92763549357e-11	-6.30504437722e-13
3.96334112134e-11	7.42452280211e-12
3.99904674911e-11	2.99214576727e-11
4.03475237688e-11	5.42220192357e-11
4.07045800465e-11	6.64340041312e-11
4.10616363241e-11	6.13686740314e-11
4.14186926018e-11	4.22028939573e-11
4.17757488795e-11	1.918898547e-11
4.21328051572e-11	4.67449256386e-12
4.24898614349e-11	7.74196765724e-12
4.28469177126e-11	2.7201125033e-11
4.32039739902e-11	5.2338421791e-11
4.35610302679e-11	6.95735274947e-11
4.39180865456e-11	6.77740571997e-11
4.42751428233e-11	4.71516714562e-11
4.4632199101e-11	1.9469660259e-11
4.49892553787e-11	1.13452194687e-12
4.53463116563e-11	4.88982942679e-12
4.5703367934e-11	2.90100686529e-11
4.60604242117e-11	5.91677123962e-11
4.64174804894e-11	7.67102215082e-11
4.67745367671e-11	7.02618033199e-11
4.71315930448e-11	4.35266822585e-11
4.74886493224e-11	1.29713097902e-11
4.78457056001e-11	-1.8658280216e-12
4.82027618778e-11	9.37651605665e-12
4.85598181555e-11	3.82421143363e-11
4.89168744332e-11	6.71905725502e-11
