% time-domain current integration by openEMS v0.0.35-108-gc651cce @Tue Mar 25 09:35:12 2025
% start-coordinates: (8.5755e-05,-1.847e-05,0.00016018) m -> [68,66,58]
% stop-coordinates: (9.5955e-05,-1.777e-05,0.00016018) m -> [91,69,58]
% t/s	current
1.6439055142e-16	0
3.57220668235e-13	-9.98630553251e-11
7.14276945918e-13	-8.47296746653e-11
1.0713332236e-12	5.43312200785e-11
1.42838950129e-12	4.99776497964e-10
1.78544577897e-12	1.50994561299e-09
2.14250205665e-12	3.35267325013e-09
2.49955833434e-12	6.04401417803e-09
2.85661461202e-12	8.93422846815e-09
3.2136708897e-12	1.02330099949e-08
3.57072716739e-12	6.8209220494e-09
3.92778344507e-12	-5.28167154457e-09
4.28483972275e-12	-2.93755082481e-08
4.64189600044e-12	-6.55820286966e-08
4.99895227812e-12	-1.08296212886e-07
5.3560085558e-12	-1.45149442687e-07
5.71306483349e-12	-1.59085772111e-07
6.07012111117e-12	-1.3401061949e-07
6.42717738885e-12	-6.24464320254e-08
6.78423366654e-12	4.83006985519e-08
7.14128994422e-12	1.75291390292e-07
7.4983462219e-12	2.8624396009e-07
7.85540249959e-12	3.51105398977e-07
8.21245877727e-12	3.53761663519e-07
8.56951505495e-12	2.98021234357e-07
8.92657133264e-12	2.04858835673e-07
9.28362761032e-12	1.0251535798e-07
9.640683888e-12	1.48934145017e-08
9.99774016569e-12	-4.59312587964e-08
1.03547964434e-11	-8.01545851914e-08
1.07118527211e-11	-9.50535081756e-08
1.10689089987e-11	-9.83530910048e-08
1.14259652764e-11	-9.41818996125e-08
1.17830215541e-11	-8.30785040762e-08
1.21400778318e-11	-6.47152731403e-08
1.24971341095e-11	-4.06625773053e-08
1.28541903872e-11	-1.51646375457e-08
1.32112466648e-11	6.30242213973e-09
1.35683029425e-11	1.94431564182e-08
1.39253592202e-11	2.29277858921e-08
1.42824154979e-11	1.86070980845e-08
1.46394717756e-11	1.02971942084e-08
1.49965280533e-11	1.98734917412e-09
1.53535843309e-11	-3.610977517e-09
1.57106406086e-11	-5.63173818691e-09
1.60676968863e-11	-4.76208850131e-09
1.6424753164e-11	-2.45443909641e-09
1.67818094417e-11	-1.52346621429e-10
1.71388657194e-11	1.3162236856e-09
1.7495921997e-11	1.71834901863e-09
1.78529782747e-11	1.31256272518e-09
1.82100345524e-11	5.66349023234e-10
1.85670908301e-11	-1.05161802877e-10
1.89241471078e-11	-4.68245497931e-10
1.92812033855e-11	-4.95449847815e-10
1.96382596631e-11	-3.07989272974e-10
1.99953159408e-11	-6.38133781927e-11
2.03523722185e-11	1.14334736123e-10
2.07094284962e-11	1.72265507414e-10
2.10664847739e-11	1.29676269722e-10
2.14235410516e-11	4.49769943511e-11
2.17805973292e-11	-2.29431768722e-11
2.21376536069e-11	-4.76815531503e-11
2.24947098846e-11	-3.14542419888e-11
2.28517661623e-11	-2.79275799535e-12
2.320882244e-11	1.35617090474e-11
2.35658787177e-11	3.06696551836e-12
2.39229349953e-11	-1.94537320281e-11
2.4279991273e-11	-3.85387416424e-11
2.46370475507e-11	-3.61489276013e-11
2.49941038284e-11	-1.6062526309e-11
2.53511601061e-11	9.82437395325e-12
2.57082163838e-11	2.22433616665e-11
2.60652726614e-11	1.13136132407e-11
2.64223289391e-11	-1.59446119502e-11
2.67793852168e-11	-4.45327004439e-11
2.71364414945e-11	-5.61612666095e-11
2.74934977722e-11	-4.59095921002e-11
2.78505540499e-11	-2.08637742499e-11
2.82076103275e-11	4.1527827184e-12
2.85646666052e-11	1.33148518253e-11
2.89217228829e-11	3.01119806173e-12
2.92787791606e-11	-2.26475262155e-11
2.96358354383e-11	-4.64365837449e-11
2.9992891716e-11	-5.75300779238e-11
3.03499479936e-11	-4.91901484823e-11
3.07070042713e-11	-2.90056381691e-11
3.1064060549e-11	-6.5261277285e-12
3.14211168267e-11	5.23837050126e-12
3.17781731044e-11	-1.85520826132e-12
3.21352293821e-11	-2.31307369092e-11
3.24922856597e-11	-4.80746137344e-11
3.28493419374e-11	-6.23296206315e-11
3.32063982151e-11	-5.75053789309e-11
3.35634544928e-11	-3.51867077142e-11
3.39205107705e-11	-9.55081586734e-12
3.42775670482e-11	5.03823762224e-12
3.46346233258e-11	-2.95868538003e-12
3.49916796035e-11	-2.74965068076e-11
3.53487358812e-11	-5.52211470994e-11
3.57057921589e-11	-6.93128748841e-11
3.60628484366e-11	-6.06419844895e-11
3.64199047143e-11	-3.49610305983e-11
3.67769609919e-11	-7.15745258201e-12
3.71340172696e-11	4.27402037373e-12
3.74910735473e-11	-7.08615241138e-12
3.7848129825e-11	-3.59069649014e-11
3.82051861027e-11	-6.30910185206e-11
3.85622423804e-11	-7.21969289907e-11
3.8919298658e-11	-5.80352502166e-11
3.92763549357e-11	-3.00136165921e-11
3.96334112134e-11	-5.71623564455e-12
3.99904674911e-11	-2.42941517598e-13
4.03475237688e-11	-1.68785107418e-11
4.07045800465e-11	-4.37107815221e-11
4.10616363241e-11	-6.47856143732e-11
4.14186926018e-11	-6.83312920136e-11
4.17757488795e-11	-5.33651699219e-11
4.21328051572e-11	-2.92256219225e-11
4.24898614349e-11	-1.13112939154e-11
4.28469177126e-11	-8.68088413652e-12
4.32039739902e-11	-2.20878437068e-11
4.35610302679e-11	-4.48111200924e-11
4.39180865456e-11	-6.16160733546e-11
4.42751428233e-11	-6.61085700071e-11
4.4632199101e-11	-5.45304912336e-11
4.49892553787e-11	-3.38965869262e-11
4.53463116563e-11	-1.55668013202e-11
4.5703367934e-11	-1.06760659341e-11
4.60604242117e-11	-2.1339555123e-11
4.64174804894e-11	-4.29946182823e-11
4.67745367671e-11	-6.24682250372e-11
4.71315930448e-11	-6.87137013955e-11
4.74886493224e-11	-5.73856726027e-11
4.78457056001e-11	-3.5253067826e-11
4.82027618778e-11	-1.51055678382e-11
4.85598181555e-11	-8.71650147893e-12
4.89168744332e-11	-2.17903629168e-11
