% time-domain voltage integration by openEMS v0.0.35-108-gc651cce @Fri Mar 14 15:30:17 2025
% start-coordinates: (-6.4535e-05,-2.452e-05,0.00016648) m -> [18,44,52]
% stop-coordinates: (-6.4035e-05,-2.452e-05,0.00016648) m -> [19,44,52]
% t/s	voltage
0	-0
3.56849879828e-13	-7.45927104806e-12
7.13699759656e-13	-6.16641503484e-13
1.07054963948e-12	-1.35448718214e-11
1.42739951931e-12	-4.56673344973e-11
1.78424939914e-12	-9.73427727313e-11
2.14109927897e-12	-1.83416698496e-10
2.4979491588e-12	-2.74058747918e-10
2.85479903863e-12	-2.96611207817e-10
3.21164891845e-12	-1.56765753156e-10
3.56849879828e-12	2.95815205664e-10
3.92534867811e-12	1.16272746986e-09
4.28219855794e-12	2.39690489678e-09
4.63904843777e-12	3.70017394502e-09
4.99589831759e-12	4.51672210744e-09
5.35274819742e-12	4.12908551795e-09
5.70959807725e-12	1.96861260626e-09
6.06644795708e-12	-2.01429273261e-09
6.42329783691e-12	-7.08965242069e-09
6.78014771674e-12	-1.17810525779e-08
7.13699759656e-12	-1.4331874354e-08
7.49384747639e-12	-1.33994859652e-08
7.85069735622e-12	-8.75485817176e-09
8.20754723605e-12	-1.52239065798e-09
8.56439711588e-12	6.17652862189e-09
8.9212469957e-12	1.2015981099e-08
9.27809687553e-12	1.44277745306e-08
9.63494675536e-12	1.3108130581e-08
9.99179663519e-12	9.04225228027e-09
1.0348646515e-11	3.90514731663e-09
1.07054963948e-11	-6.32141894386e-10
1.10623462747e-11	-3.52936613268e-09
1.14191961545e-11	-4.55303528213e-09
1.17760460343e-11	-4.11539069489e-09
1.21328959142e-11	-2.91815505093e-09
1.2489745794e-11	-1.60948654404e-09
1.28465956738e-11	-5.85926640539e-10
1.32034455536e-11	2.26381413615e-11
1.35602954335e-11	2.72409012014e-10
1.39171453133e-11	2.95166752151e-10
1.42739951931e-11	2.21247936638e-10
1.4630845073e-11	1.32247948703e-10
1.49876949528e-11	6.18489565118e-11
1.53445448326e-11	2.22442047421e-11
