% time-domain voltage integration by openEMS v0.0.35-108-gc651cce @Thu Mar 20 11:46:35 2025
% start-coordinates: (-4.47425e-05,-2.452e-05,0.00015727) m -> [94,62,53]
% stop-coordinates: (-4.47425e-05,-2.452e-05,0.00016498) m -> [94,62,63]
% t/s	voltage
0	-0
3.568439729e-13	-1.4055211231e-09
7.13687945801e-13	-1.1336513013e-09
1.0705319187e-12	1.21978654608e-09
1.4273758916e-12	8.68088836925e-09
1.7842198645e-12	2.54157238588e-08
2.1410638374e-12	5.52915313534e-08
2.4979078103e-12	9.78127734363e-08
2.8547517832e-12	1.41542443988e-07
3.2115957561e-12	1.56957206787e-07
3.568439729e-12	9.37139263968e-08
3.9252837019e-12	-1.10867566683e-07
4.2821276748e-12	-5.06447030091e-07
4.6389716477e-12	-1.08975872593e-06
4.9958156206e-12	-1.76436316224e-06
5.35265959351e-12	-2.32506455689e-06
5.70950356641e-12	-2.4923805384e-06
6.06634753931e-12	-2.00449024845e-06
6.42319151221e-12	-7.42765678297e-07
6.78003548511e-12	1.16418585705e-06
7.13687945801e-12	3.32025395977e-06
7.49372343091e-12	5.15916811139e-06
7.85056740381e-12	6.13704968089e-06
8.20741137671e-12	5.94158478862e-06
8.56425534961e-12	4.62113062838e-06
8.92109932251e-12	2.56909434171e-06
9.27794329541e-12	3.69854703308e-07
9.63478726831e-12	-1.42046151552e-06
9.99163124121e-12	-2.45819848743e-06
1.03484752141e-11	-2.68783448831e-06
1.0705319187e-11	-2.29581635836e-06
1.10621631599e-11	-1.58696959573e-06
1.14190071328e-11	-8.51818541037e-07
1.17758511057e-11	-2.79819138527e-07
1.21326950786e-11	6.22804483541e-08
1.24895390515e-11	2.01106590048e-07
1.28463830244e-11	2.07501185567e-07
1.32032269973e-11	1.53700732142e-07
1.35600709702e-11	9.01544330301e-08
1.39169149431e-11	4.13787659692e-08
1.4273758916e-11	1.27388597448e-08
1.46306028889e-11	-6.76201317162e-11
1.49874468618e-11	-3.68598301881e-09
1.53442908347e-11	-3.37563985098e-09
1.57011348076e-11	-2.1421514701e-09
1.60579787805e-11	-1.15895378711e-09
1.64148227534e-11	-7.17930527527e-10
1.67716667263e-11	-8.83202642965e-10
1.71285106992e-11	-8.26627887668e-10
1.74853546721e-11	-7.64717695417e-10
1.7842198645e-11	-7.26213292626e-10
1.81990426179e-11	-7.7445346143e-10
1.85558865908e-11	-8.35736334304e-10
1.89127305637e-11	-8.66646546194e-10
1.92695745366e-11	-8.27372066692e-10
1.96264185095e-11	-7.41925791636e-10
1.99832624824e-11	-6.93086629755e-10
2.03401064553e-11	-6.94602195206e-10
2.06969504282e-11	-7.71841155225e-10
2.10537944011e-11	-8.21949841523e-10
2.1410638374e-11	-8.20469202995e-10
2.17674823469e-11	-7.57990066547e-10
2.21243263198e-11	-6.94393844508e-10
2.24811702927e-11	-6.66661108262e-10
2.28380142656e-11	-7.05045915747e-10
2.31948582385e-11	-7.67787167177e-10
2.35517022114e-11	-7.9665822203e-10
2.39085461843e-11	-7.65095532068e-10
2.42653901572e-11	-6.84804421502e-10
2.46222341301e-11	-6.43191219035e-10
2.4979078103e-11	-6.52810786331e-10
