% time-domain voltage integration by openEMS v0.0.35-108-gc651cce @Fri Mar 14 16:32:29 2025
% start-coordinates: (-5.452e-05,-3.552e-05,0.00016648) m -> [45,19,52]
% stop-coordinates: (-5.452e-05,-3.602e-05,0.00016648) m -> [45,18,52]
% t/s	voltage
0	-0
3.56849879828e-13	-4.4736564171e-13
7.13699759656e-13	1.4404631459e-13
1.07054963948e-12	1.47198503386e-11
1.42739951931e-12	4.92387068618e-11
1.78424939914e-12	1.15013762403e-10
2.14109927897e-12	2.12322950888e-10
2.4979491588e-12	3.08224501477e-10
2.85479903863e-12	3.40026062862e-10
3.21164891845e-12	1.70055816651e-10
3.56849879828e-12	-3.55296847498e-10
3.92534867811e-12	-1.34441358046e-09
4.28219855794e-12	-2.7467175201e-09
4.63904843777e-12	-4.21986356969e-09
4.99589831759e-12	-5.125249114e-09
5.35274819742e-12	-4.65892835422e-09
5.70959807725e-12	-2.18067097713e-09
6.06644795708e-12	2.35432495721e-09
6.42329783691e-12	8.10662648121e-09
6.78014771674e-12	1.34044420008e-08
7.13699759656e-12	1.62608397858e-08
7.49384747639e-12	1.51735655152e-08
7.85069735622e-12	9.89736115287e-09
8.20754723605e-12	1.6993019214e-09
8.56439711588e-12	-7.01155178362e-09
8.9212469957e-12	-1.36277380491e-08
9.27809687553e-12	-1.63596762803e-08
9.63494675536e-12	-1.4876625265e-08
9.99179663519e-12	-1.02811625879e-08
1.0348646515e-11	-4.47109105295e-09
1.07054963948e-11	6.75972056108e-10
1.10623462747e-11	3.9739136426e-09
1.14191961545e-11	5.15312548188e-09
1.17760460343e-11	4.67391059189e-09
1.21328959142e-11	3.32471139508e-09
1.2489745794e-11	1.84008419613e-09
1.28465956738e-11	6.74838795955e-10
1.32034455536e-11	-1.8906830962e-11
1.35602954335e-11	-3.06543457285e-10
1.39171453133e-11	-3.36684291558e-10
1.42739951931e-11	-2.5246665869e-10
1.4630845073e-11	-1.50424631085e-10
1.49876949528e-11	-7.05446742688e-11
1.53445448326e-11	-2.54622885276e-11
