% time-domain current integration by openEMS v0.0.35-108-gc651cce @Fri Mar 14 15:30:17 2025
% start-coordinates: (-4.5005e-05,-2.63165e-05,0.00016438) m -> [71,40,46]
% stop-coordinates: (-4.5005e-05,-2.302e-05,0.00016798) m -> [71,47,57]
% t/s	current
2.80542358355e-16	0
3.57130422187e-13	-1.64253116317e-12
7.13980302015e-13	9.7035368022e-13
1.07083018184e-12	9.97171876321e-12
1.42768006167e-12	3.06676281592e-11
1.7845299415e-12	6.81349629494e-11
2.14137982133e-12	1.20801132986e-10
2.49822970116e-12	1.712772979e-10
2.85507958098e-12	1.76137923691e-10
3.21192946081e-12	6.42442626875e-11
3.56877934064e-12	-2.47494108541e-10
3.92562922047e-12	-8.09588340811e-10
4.2824791003e-12	-1.57506907517e-09
4.63932898012e-12	-2.34254260434e-09
4.99617885995e-12	-2.75200018329e-09
5.35302873978e-12	-2.37391528657e-09
5.70987861961e-12	-8.98774332736e-10
6.06672849944e-12	1.64126845448e-09
6.42357837927e-12	4.73373251708e-09
6.78042825909e-12	7.44761186056e-09
7.13727813892e-12	8.73153815917e-09
7.49412801875e-12	7.85566811601e-09
7.85097789858e-12	4.78834083495e-09
8.20782777841e-12	3.04041458676e-10
8.56467765823e-12	-4.27201385378e-09
8.92152753806e-12	-7.57805995732e-09
9.27837741789e-12	-8.74841887821e-09
9.63522729772e-12	-7.71042074632e-09
9.99207717755e-12	-5.12269560105e-09
1.03489270574e-11	-2.02036631869e-09
1.07057769372e-11	6.28545993031e-10
1.1062626817e-11	2.25026108858e-09
1.14194766969e-11	2.75595390953e-09
1.17763265767e-11	2.42344322388e-09
1.21331764565e-11	1.67875235935e-09
1.24900263363e-11	8.98343732736e-10
1.28468762162e-11	3.05071357065e-10
1.3203726096e-11	-3.70824516926e-11
1.35605759758e-11	-1.70046948744e-10
1.39174258557e-11	-1.75611955533e-10
1.42742757355e-11	-1.27913804548e-10
1.46311256153e-11	-7.42119352082e-11
1.49879754951e-11	-3.43979740525e-11
1.5344825375e-11	-1.17560952292e-11
