% time-domain current integration by openEMS v0.0.35-108-gc651cce @Thu Mar 20 11:46:35 2025
% start-coordinates: (-6.4735e-05,-2.62176e-05,0.00016018) m -> [24,56,58]
% stop-coordinates: (-6.4035e-05,-2.302e-05,0.00016018) m -> [27,67,58]
% t/s	current
1.58035417582e-16	0
3.57002008318e-13	1.50025998569e-11
7.13845981218e-13	2.16801281788e-11
1.07068995412e-12	1.5056643432e-11
1.42753392702e-12	-3.39338002142e-11
1.78437789992e-12	-1.77419995362e-10
2.14122187282e-12	-4.85600226696e-10
2.49806584572e-12	-1.01879471526e-09
2.85490981862e-12	-1.75398129354e-09
3.21175379152e-12	-2.47559572841e-09
3.56859776442e-12	-2.65882071915e-09
3.92544173732e-12	-1.43508549488e-09
4.28228571022e-12	2.25162910539e-09
4.63912968312e-12	9.21483955807e-09
4.99597365602e-12	1.93671709781e-08
5.35281762892e-12	3.10683176963e-08
5.70966160182e-12	4.08823765952e-08
6.06650557472e-12	4.41421512676e-08
6.42334954762e-12	3.64304071354e-08
6.78019352052e-12	1.56018664654e-08
7.13703749342e-12	-1.65126312623e-08
7.49388146632e-12	-5.36968727261e-08
7.85072543922e-12	-8.6775635566e-08
8.20756941213e-12	-1.06589588711e-07
8.56441338503e-12	-1.07337456257e-07
8.92125735793e-12	-8.88151916456e-08
9.27810133083e-12	-5.64900375366e-08
9.63494530373e-12	-1.937759464e-08
9.99178927663e-12	1.32694824018e-08
1.03486332495e-11	3.49871704941e-08
1.07054772224e-11	4.36437765927e-08
1.10623211953e-11	4.11378699994e-08
1.14191651682e-11	3.17606208e-08
1.17760091411e-11	2.01817282885e-08
1.2132853114e-11	9.92816762135e-09
1.24896970869e-11	2.75605649414e-09
1.28465410598e-11	-1.14805420726e-09
1.32033850327e-11	-2.54057153093e-09
1.35602290056e-11	-2.46094811196e-09
1.39170729785e-11	-1.78697523445e-09
1.42739169514e-11	-1.06188080551e-09
1.46307609243e-11	-5.20834653184e-10
1.49876048972e-11	-1.99657540501e-10
1.53444488701e-11	-4.62868667006e-11
1.5701292843e-11	8.71719189888e-12
1.60581368159e-11	1.79463752886e-11
1.64149807888e-11	1.24781929581e-11
1.67718247617e-11	9.27640429749e-12
1.71286687346e-11	1.01718338613e-11
1.74855127075e-11	1.10784350443e-11
1.78423566804e-11	1.14409219945e-11
1.81992006533e-11	1.07031978766e-11
1.85560446262e-11	9.85125349351e-12
1.89128885991e-11	9.59147084673e-12
1.9269732572e-11	1.01880856182e-11
1.96265765449e-11	1.13063855153e-11
1.99834205178e-11	1.18826242249e-11
2.03402644907e-11	1.14349753624e-11
2.06971084636e-11	1.05981083284e-11
2.10539524365e-11	9.8443735802e-12
2.14107964094e-11	1.03413336922e-11
2.17676403823e-11	1.10867539108e-11
2.21244843552e-11	1.21166982697e-11
2.24813283281e-11	1.20747387783e-11
2.2838172301e-11	1.11744962242e-11
2.31950162739e-11	1.02684943881e-11
2.35518602468e-11	1.04328819889e-11
2.39087042197e-11	1.10144124724e-11
2.42655481926e-11	1.21188181018e-11
2.46223921655e-11	1.25232471962e-11
2.49792361384e-11	1.19246661157e-11
