% time-domain current integration by openEMS v0.0.35-108-gc651cce @Thu Mar 20 11:46:35 2025
% start-coordinates: (-5.62176e-05,-3.622e-05,0.00016018) m -> [54,24,58]
% stop-coordinates: (-5.302e-05,-3.552e-05,0.00016018) m -> [65,27,58]
% t/s	current
1.58035417582e-16	0
3.57002008318e-13	1.62725440761e-11
7.13845981218e-13	2.23329688076e-11
1.07068995412e-12	1.30064257975e-11
1.42753392702e-12	-4.23322071841e-11
1.78437789992e-12	-1.98752320157e-10
2.14122187282e-12	-5.29326027454e-10
2.49806584572e-12	-1.08973430279e-09
2.85490981862e-12	-1.84448345486e-09
3.21175379152e-12	-2.55065790711e-09
3.56859776442e-12	-2.64500155112e-09
3.92544173732e-12	-1.22073284814e-09
4.28228571022e-12	2.78876477466e-09
4.63912968312e-12	1.01493053961e-08
4.99597365602e-12	2.06450927465e-08
5.35281762892e-12	3.24392743778e-08
5.70966160182e-12	4.18944665626e-08
6.06650557472e-12	4.42387459998e-08
6.42334954762e-12	3.51443922852e-08
6.78019352052e-12	1.27925448012e-08
7.13703749342e-12	-2.04952002036e-08
7.49388146632e-12	-5.80184966736e-08
7.85072543922e-12	-9.03419845599e-08
8.20756941213e-12	-1.08412052668e-07
8.56441338503e-12	-1.06900365893e-07
8.92125735793e-12	-8.62715126004e-08
9.27810133083e-12	-5.25967784881e-08
9.63494530373e-12	-1.52042467505e-08
9.99178927663e-12	1.67254565753e-08
1.03486332495e-11	3.71097605978e-08
1.07054772224e-11	4.43151328966e-08
1.10623211953e-11	4.06573619216e-08
1.14191651682e-11	3.06379526194e-08
1.17760091411e-11	1.89191489142e-08
1.2132853114e-11	8.87059758981e-09
1.24896970869e-11	2.05291361688e-09
1.28465410598e-11	-1.50684953404e-09
1.32033850327e-11	-2.65076893768e-09
1.35602290056e-11	-2.43394482347e-09
1.39170729785e-11	-1.71045844155e-09
1.42739169514e-11	-9.87270154518e-10
1.46307609243e-11	-4.681875998e-10
1.49876048972e-11	-1.69839975417e-10
1.53444488701e-11	-3.2346212514e-11
1.5701292843e-11	1.39839572214e-11
1.60581368159e-11	1.97150941406e-11
1.64149807888e-11	1.30502518514e-11
1.67718247617e-11	1.00885662671e-11
1.71286687346e-11	1.03370662724e-11
1.74855127075e-11	1.09994487477e-11
1.78423566804e-11	1.15161031752e-11
1.81992006533e-11	1.17070702091e-11
1.85560446262e-11	1.11534280076e-11
1.89128885991e-11	1.05400774913e-11
1.9269732572e-11	1.04552998204e-11
1.96265765449e-11	1.09036460416e-11
1.99834205178e-11	1.14427096271e-11
2.03402644907e-11	1.18469730553e-11
2.06971084636e-11	1.17880817954e-11
2.10539524365e-11	1.13061626034e-11
2.14107964094e-11	1.09584624361e-11
2.17676403823e-11	1.09140110144e-11
2.21244843552e-11	1.14093699766e-11
2.24813283281e-11	1.20043888024e-11
2.2838172301e-11	1.21354306812e-11
2.31950162739e-11	1.21618826121e-11
2.35518602468e-11	1.15946661994e-11
2.39087042197e-11	1.11069391531e-11
2.42655481926e-11	1.10280872975e-11
2.46223921655e-11	1.16289894381e-11
2.49792361384e-11	1.23673736183e-11
